"(PDH-CSV 4.0) (W. Europe Daylight Time)(-120)","\\JP-K2PBKEPVX84C\Kernel FBT Agent\Buffers (Collected)","\\JP-K2PBKEPVX84C\Kernel FBT Agent\Buffers (Dirty)","\\JP-K2PBKEPVX84C\Kernel FBT Agent\Buffers (Free)","\\JP-K2PBKEPVX84C\Kernel FBT Agent\Events captured","\\JP-K2PBKEPVX84C\Kernel FBT Agent\Events captured (Delta)","\\JP-K2PBKEPVX84C\Kernel FBT Agent\Events dropped (Entry, Delta)","\\JP-K2PBKEPVX84C\Kernel FBT Agent\Events dropped (Exit, Delta)","\\JP-K2PBKEPVX84C\Kernel FBT Agent\Events dropped (Unwind, Delta)","\\JP-K2PBKEPVX84C\Kernel FBT Agent\Exception unwindings","\\JP-K2PBKEPVX84C\Kernel FBT Agent\Failed chunk flushes (Delta)","\\JP-K2PBKEPVX84C\Kernel FBT Agent\Image Infos dropped (Delta)","\\JP-K2PBKEPVX84C\Kernel FBT Agent\Instrumented Routines Count","\\JP-K2PBKEPVX84C\Kernel FBT Agent\Prealloc. Pool (Failed Alloc)","\\JP-K2PBKEPVX84C\Kernel FBT Agent\Prealloc. Pool (Free)","\\JP-K2PBKEPVX84C\Kernel FBT Agent\Reentrant executions (Delta)","\\JP-K2PBKEPVX84C\Kernel FBT Agent\Thread Teardowns","\\JP-K2PBKEPVX84C\LogicalDisk(F:)\Disk Write Bytes/sec","\\JP-K2PBKEPVX84C\Processor(_Total)\% Processor Time"
"07/14/2008 14:15:03.390","0","0","512","0"," "," "," "," ","0"," "," ","0","0","512"," ","0"," "," "
"07/14/2008 14:15:04.406","0","24","464","415000","411566.90969178156","0","0","0","0","0","0","1365","0","488","126394.6772850792","0","389963.11797918932","16.538466461538459"
"07/14/2008 14:15:05.421","45","93","370","2302000","1857885.8481796752","0","0","0","0","0","0","1995","0","463","833162.85350331559","10","11678999.288437137","18.461538461538463"
"07/14/2008 14:15:06.421","193","40","421","3756000","1453944.1965018515","0","0","0","0","0","0","1995","0","461","642882.32568116637","22","32295720.465373069","14.0625"
"07/14/2008 14:15:07.421","331","5","448","5248000","1491931.0960236299","0","0","0","0","0","0","1995","0","453","622125.26750367659","43","6336219.3653665436","14.84375"
"07/14/2008 14:15:08.421","359","8","382","6634000","1385699.72608703","0","0","0","0","0","0","1995","0","452","561067.41961259337","62","33203173.04534594","12.109369999999997"
"07/14/2008 14:15:09.421","449","41","407","7551000","917141.01210723899","0","0","0","0","0","0","1995","0","448","397895.17711087386","72","29954557.567986071","10.9375"
"07/14/2008 14:15:10.421","510","53","391","8732000","1180954.0319389075","0","0","0","0","0","0","1995","0","444","502587.43702855083","72","14679492.60789264","7.4218800000000034"
"07/14/2008 14:15:11.421","607","141","303","11803000","3070875.7577584637","0","0","0","0","0","0","1995","0","444","1296061.5636246675","72","25164805.87613681","23.828119999999998"
"07/14/2008 14:15:12.421","869","63","383","14780000","2976838.7280567582","0","0","0","0","0","0","1995","0","446","1278071.7597303302","75","0","25.78125"
"07/14/2008 14:15:13.421","1049","6","437","16788000","2007949.1593627927","0","0","0","0","0","0","1995","0","443","873108.89315916062","75","79894553.095201924","14.84375"
"07/14/2008 14:15:14.421","1096","51","392","18305000","1516940.1915882013","0","0","0","0","0","0","1995","0","443","643910.61253166781","75","35973749.662714392","12.5"
"07/14/2008 14:15:15.421","1351","20","422","21968000","3662530.904327306","0","0","0","0","0","0","1995","0","442","1570269.880384878","76","12249567.079747969","30.46875"
"07/14/2008 14:15:16.421","1444","0","438","23119000","1150941.5875672323","0","0","0","0","0","0","1995","0","438","509544.13968430465","76","66912956.042647913","7.8125"
"07/14/2008 14:15:17.421","1523","22","344","25991000","2872142.3415951794","0","0","0","0","0","0","1995","0","438","1214499.189827475","76","24118443.295108516","23.4375"
"07/14/2008 14:15:18.421","1653","64","371","27653000","1661961.6714880578","0","0","0","0","0","0","1995","0","435","721395.36302740232","76","55048970.448988408","14.0625"
"07/14/2008 14:15:19.421","1766","116","318","30364000","2710897.275220437","0","0","0","0","0","0","1995","0","434","1152005.3467430575","76","29719449.832674995","21.484380000000002"
"07/14/2008 14:15:20.421","1903","55","379","31597000","1232944.3794919364","0","0","0","0","0","0","1995","0","434","544587.43260653887","76","36174240.109991662","7.8125"
"07/14/2008 14:15:21.421","2031","128","306","34894000","3296904.6052576811","0","0","0","0","0","0","1995","0","434","1388577.8220029452","76","0","26.171869999999998"
"07/14/2008 14:15:22.421","2308","8","426","37471000","2576767.3498050724","0","0","0","0","0","0","1995","0","434","1134676.5527529882","76","80798592.887235358","23.4375"
"07/14/2008 14:15:23.421","2358","70","363","39257000","1785971.817716995","0","0","0","0","0","0","1995","0","433","752412.12708504603","77","25292400.890902806","14.0625"
"07/14/2008 14:15:24.421","2583","22","411","42103000","2845962.6792234252","0","0","0","0","0","0","1995","0","433","1216848.0427584448","77","12918614.590635529","25.78125"
"07/14/2008 14:15:25.421","2722","15","418","44285000","2181912.1164058861","0","0","0","0","0","0","1995","0","433","943178.01044358138","77","59242157.829762444","19.140630000000002"
"07/14/2008 14:15:26.421","2871","6","427","46599000","2313908.9083296973","0","0","0","0","0","0","1995","0","433","993390.89317284839","77","36174447.920222498","18.75"
"07/14/2008 14:15:27.421","2912","11","274","49803000","3203835.3449454294","0","0","0","0","0","0","1995","0","433","1340367.1143686865","77","39319579.244633645","24.609369999999998"
"07/14/2008 14:15:28.421","3127","38","395","51323000","1519970.1899572751","0","0","0","0","0","0","1995","0","433","683825.58863828483","77","67107547.869669035","12.109380000000003"
"07/14/2008 14:15:29.421","3218","136","297","54389000","3065721.9731495907","0","0","0","0","0","0","1995","0","433","1292166.8148563749","77","23689115.660954945","23.046869999999998"
"07/14/2008 14:15:30.421","3436","32","401","56257000","1868016.9380318602","0","0","0","0","0","0","1995","0","433","826466.49389125966","77","57147910.182198294","14.84375"
"07/14/2008 14:15:31.421","3574","105","328","59690000","3432888.4539751243","0","0","0","0","0","0","1995","0","433","1445525.0300581788","77","0","27.34375"
"07/14/2008 14:15:32.421","3800","7","425","61861000","2170907.1134729641","0","0","0","0","0","0","1995","0","432","954529.15859414428","77","80016032.356811076","17.578130000000002"
"07/14/2008 14:15:33.421","3875","64","367","63985000","2123927.6333802948","0","0","0","0","0","0","1995","0","431","900460.31944927247","78","15400435.275228146","16.015619999999998"
"07/14/2008 14:15:34.421","4128","28","403","67529000","3543847.75820333","0","0","0","0","0","0","1995","0","431","1517552.8067463378","78","19922600.135796469","28.90625"
"07/14/2008 14:15:35.421","4231","0","431","68776000","1246955.9471557424","0","0","0","0","0","0","1995","0","431","544231.77321207698","78","66057954.284219019","10.546880000000003"
"07/14/2008 14:15:36.421","4346","2","425","70742000","1965741.5205069315","0","0","0","0","0","0","1995","0","430","838612.72904584697","78","26997282.070514858","28.90625"
"07/14/2008 14:15:37.421","4353","0","342","72184000","1442055.3147478702","0","0","0","0","0","0","1995","0","432","603978.16755794035","80","31982794.804695155","17.96875"
"07/14/2008 14:15:38.421","4463","114","316","74355000","2170955.5746631757","0","0","0","0","0","0","1995","0","430","863178.33635511505","87","28835249.930030122","17.1875"
"07/14/2008 14:15:39.421","4619","160","270","77695000","3339875.6454596175","0","0","0","0","0","0","1995","0","430","1416320.2657444836","87","40458781.586671263","26.953119999999998"
"07/14/2008 14:15:40.421","4882","9","420","79562000","1866930.3690349478","0","0","0","0","0","0","1995","0","429","837490.76407867565","87","69203434.917149708","17.96875"
"07/14/2008 14:15:41.421","4971","108","320","82628000","3065881.708265285","0","0","0","0","0","0","1995","0","428","1281188.5675585119","87","0","23.4375"
"07/14/2008 14:15:42.421","5209","73","355","85961000","3332841.5753560234","0","0","0","0","0","0","1995","0","428","1423535.3330937778","87","23067575.496505067","26.171880000000002"
"07/14/2008 14:15:43.421","5433","9","419","88509000","2547765.3824033611","0","0","0","0","0","0","1995","0","428","1109958.7865604621","87","80274207.740955129","22.265619999999998"
"07/14/2008 14:15:44.421","5500","31","397","89925000","1416016.5937370362","0","0","0","0","0","0","1995","0","428","606936.11244366213","87","40833502.511626162","11.328130000000003"
"07/14/2008 14:15:45.421","5706","8","396","93332000","3406895.3925845637","0","0","0","0","0","0","1995","0","428","1448795.5152897621","87","17825244.682703484","27.734369999999998"
"07/14/2008 14:15:46.421","5750","62","357","94576000","1243959.8641366819","0","0","0","0","0","0","1995","0","419","536745.68211704004","87","65533885.575612202","11.328130000000003"
"07/14/2008 14:15:47.421","5822","177","242","97645000","3068881.7191048525","0","0","0","0","0","0","1995","0","419","1282675.5630950709","87","18873640.571801115","23.4375"
"07/14/2008 14:15:48.421","6087","17","402","99330000","1684933.9661571218","0","0","0","0","0","0","1995","0","419","763850.06413537217","87","69203303.869918823","15.234369999999997"
"07/14/2008 14:15:49.421","6143","129","290","102101000","2770881.2553681093","0","0","0","0","0","0","1995","0","419","1154189.5378256338","87","94203.962939631485","21.875"
"07/14/2008 14:15:50.421","6379","33","383","104414000","2312723.4826732604","0","0","0","0","0","0","1995","0","416","1008467.4240996361","87","14678309.009920603","31.640630000000002"
"07/14/2008 14:15:51.421","6523","8","408","106372000","1958090.9032338921","0","0","0","0","0","0","1995","0","416","859300.89254527958","87","73928040.066359252","16.015619999999998"
"07/14/2008 14:15:52.421","6571","61","355","108025000","1652929.3195596393","0","0","0","0","0","0","1995","0","416","699523.08789225912","87","25885613.112662375","12.890630000000003"
"07/14/2008 14:15:53.421","6699","34","376","109656000","1630309.8251142732","0","0","0","0","0","0","1995","0","411","714358.58364561107","88","41401225.217395127","14.0625"
"07/14/2008 14:15:54.421","6742","146","265","112217000","2561912.3912765291","0","0","0","0","0","0","1995","0","411","1065881.5996602592","88","16262815.787145615","20.3125"
"07/14/2008 14:15:55.421","6989","39","372","114484000","2266900.7959939651","0","0","0","0","0","0","1995","0","411","1006534.9520647594","88","64484602.027878404","20.703119999999998"
"07/14/2008 14:15:56.421","7118","105","304","117674000","3189863.5034595639","0","0","0","0","0","0","1995","0","409","1345885.4086009015","89","0","25.78125"
"07/14/2008 14:15:57.421","7319","18","391","119551000","1876824.4299612637","0","0","0","0","0","0","1995","0","409","834411.94382438727","89","50064820.61973533","15.234380000000003"
"07/14/2008 14:15:58.421","7478","1","408","121909000","2358036.0067597385","0","0","0","0","0","0","1995","0","409","1013118.4701256623","89","36438572.410045572","19.140619999999998"
"07/14/2008 14:15:59.421","7495","6","263","124487000","2577889.815921844","0","0","0","0","0","0","1995","0","409","1074496.0739256362","89","42023163.847371161","19.53125"
"07/14/2008 14:16:00.421","7711","86","321","127042000","2554936.3732986273","0","0","0","0","0","0","1995","0","407","1111666.3156860447","89","60815893.475124434","23.046880000000002"
"07/14/2008 14:16:01.421","7887","54","353","129415000","2372904.993037797","0","0","0","0","0","0","1995","0","407","1032868.6457474383","89","46135496.815466687","21.09375"
"07/14/2008 14:16:02.421","8075","85","320","133031000","3615860.4747279976","0","0","0","0","0","0","1995","0","405","1531695.8964233915","89","0","29.6875"
"07/14/2008 14:16:03.421","8286","4","401","135196000","2164884.2504982054","0","0","0","0","0","0","1995","0","405","958459.75419366534","89","72216810.795933828","18.359369999999998"
"07/14/2008 14:16:04.421","8339","46","359","136688000","1491886.3364656768","0","0","0","0","0","0","1995","0","405","633227.75577187527","89","32638537.341721334","12.109380000000003"
"07/14/2008 14:16:05.421","8477","19","386","138467000","1779026.4515689071","0","0","0","0","0","0","1995","0","405","772548.48668672785","89","13631690.683667306","28.515619999999998"
"07/14/2008 14:16:06.421","8574","30","300","141452000","2984835.7651960002","0","0","0","0","0","0","1995","0","405","1258644.7455118655","89","36173881.602262162","23.828130000000002"
"07/14/2008 14:16:07.421","8729","91","313","143747000","2294951.3591139545","0","0","0","0","0","0","1995","0","404","994537.92103225074","89","66058887.899372227","18.75"
"07/14/2008 14:16:08.421","8937","84","320","147006000","3258855.7852134802","0","0","0","0","0","0","1995","0","404","1393644.326783289","92","25365405.499717623","26.953119999999998"
"07/14/2008 14:16:09.421","9122","60","344","149679000","2672909.3393896022","0","0","0","0","0","0","1995","0","404","1153199.8853903201","92","31931332.942638967","21.484380000000002"
"07/14/2008 14:16:10.421","9235","46","358","151273000","1593943.8679759095","0","0","0","0","0","0","1995","0","404","695445.50932321569","92","45779379.842066608","12.5"
"07/14/2008 14:16:11.421","9498","0","404","154847000","3573280.0511348583","0","0","0","0","0","0","1995","0","404","1538668.9870776364","92","29354213.676879123","31.25"
"07/14/2008 14:16:12.421","9498","0","300","156564000","1717160.8208328655","0","0","0","0","0","0","1995","0","404","723258.73685436277","92","69212498.101999089","13.671869999999997"
"07/14/2008 14:16:13.421","9623","27","377","157325000","760997.07780774857","0","0","0","0","0","0","1995","0","404","346233.67047932436","92","32505731.179552525","14.84375"
"07/14/2008 14:16:14.421","9664","136","268","159670000","2344895.3955239616","0","0","0","0","0","0","1995","0","404","898884.90124578984","105","11013652.687095039","19.921880000000002"
"07/14/2008 14:16:15.421","9881","65","339","162048000","2377921.1550648622","0","0","0","0","0","0","1995","0","404","1046479.3017962781","105","55240920.372078106","19.921869999999998"
"07/14/2008 14:16:16.421","10050","99","300","165294000","3245864.6126220189","0","0","0","0","0","0","1995","0","399","1386224.1795794447","109","569320.25323742162","25.390630000000002"
"07/14/2008 14:16:17.421","10197","52","315","167505000","2210884.6512987833","0","0","0","0","0","0","1995","0","399","957963.02010162873","109","48248362.733450674","18.359369999999998"
"07/14/2008 14:16:18.421","10321","54","345","169065000","1559897.5745058327","0","0","0","0","0","0","1995","0","399","686728.90822671074","109","66850522.482436471","14.453130000000003"
"07/14/2008 14:16:19.421","10405","154","245","172086000","3021010.3996983045","0","0","0","0","0","0","1995","0","399","1275017.3891924974","109","22102092.085500933","23.828119999999998"
"07/14/2008 14:16:20.421","10715","45","354","175347000","3260895.6444915808","0","0","0","0","0","0","1995","0","399","1433233.1335299751","111","41155290.944264755","26.953130000000002"
"07/14/2008 14:16:21.421","10857","14","385","177218000","1870908.0787578363","0","0","0","0","0","0","1995","0","399","818218.79936734808","111","40355905.238270409","16.796869999999998"
"07/14/2008 14:16:22.421","10937","25","343","179110000","1891932.2176457518","0","0","0","0","0","0","1995","0","396","805905.1267949848","111","36973267.356821813","16.015630000000002"
"07/14/2008 14:16:23.421","11018","151","245","181988000","2877852.130611266","0","0","0","0","0","0","1995","0","396","1220038.3121650231","111","42465146.061906703","23.046869999999998"
"07/14/2008 14:16:24.421","11253","12","384","183539000","1550976.5437117005","0","0","0","0","0","0","1995","0","396","708980.27769355406","111","61340768.309151419","15.234380000000003"
"07/14/2008 14:16:25.421","11338","119","276","186705000","3165645.6024906556","0","0","0","0","0","0","1995","0","395","1335605.4774968117","111","200681.53348145439","26.953119999999998"
"07/14/2008 14:16:26.421","11576","7","388","188775000","2070036.2432940337","0","0","0","0","0","0","1995","0","395","928726.26063265791","111","60687398.547207475","16.796880000000002"
"07/14/2008 14:16:27.421","11600","79","316","190336000","1560963.1929479984","0","0","0","0","0","0","1995","0","395","657497.49640282977","111","24247748.245243311","12.109369999999997"
"07/14/2008 14:16:28.421","11888","10","385","193927000","3590864.590188927","0","0","0","0","0","0","1995","0","395","1549167.581620727","111","6291218.7611060059","31.640630000000002"
"07/14/2008 14:16:29.421","11956","0","395","194865000","937956.73728627665","0","0","0","0","0","0","1995","0","395","414638.87502095191","111","67367900.694421798","19.140619999999998"
"07/14/2008 14:16:30.421","12019","22","342","196763000","1897789.098961459","0","0","0","0","0","0","1995","0","395","805546.47973177768","111","26068143.05088944","15.234380000000003"
"07/14/2008 14:16:31.421","12098","103","292","198885000","2122081.5903646681","0","0","0","0","0","0","1995","0","395","904013.75776449672","111","37225879.270634726","17.1875"
"07/14/2008 14:16:32.421","12272","48","347","200810000","1924584.4898082581","0","0","0","0","0","0","1995","0","395","850708.3354295732","111","45603210.446937926","16.015619999999998"
"07/14/2008 14:16:33.421","12412","119","268","204308000","3498467.4200161537","0","0","0","0","0","0","1995","0","387","1475723.1670631091","111","0","28.515630000000002"
"07/14/2008 14:16:34.421","12692","7","380","207053000","2744932.3725740132","0","0","0","0","0","0","1995","0","387","1222187.8887222826","111","72022289.57302098","24.609369999999998"
"07/14/2008 14:16:35.421","12710","59","328","208214000","1160955.6070636921","0","0","0","0","0","0","1995","0","387","488682.31363275915","111","38079055.922701299","9.375"
"07/14/2008 14:16:36.421","12993","8","379","211994000","3779828.3081700346","0","0","0","0","0","0","1995","0","387","1633825.7864336031","111","4718377.6762710745","31.640630000000002"
"07/14/2008 14:16:37.421","13032","8","342","213181000","1186953.6782280372","0","0","0","0","0","0","1995","0","390","473539.51975931996","120","73921723.148412615","17.1875"
"07/14/2008 14:16:38.421","13108","99","288","215270000","2088944.5862151617","0","0","0","0","0","0","1995","0","387","877156.73151566077","120","29883623.272092748","16.015619999999998"
"07/14/2008 14:16:39.421","13352","84","303","218950000","3679443.4129529563","0","0","0","0","0","0","1995","0","387","1573493.9785742615","120","0","30.46875"
"07/14/2008 14:16:40.421","13549","6","381","220952000","2002149.175767703","0","0","0","0","0","0","1995","0","387","886174.02689369011","120","73864575.488395318","16.015630000000002"
"07/14/2008 14:16:41.578","13567","72","315","222314000","1171216.8668599108","0","0","0","0","0","0","1995","0","387","490419.97538282542","120","36212250.63959831","8.1081081081081035"
"07/14/2008 14:16:42.593","13840","31","356","226144000","3795336.5946882274","0","0","0","0","0","0","1995","0","387","1631032.5237489815","120","4817948.9157226151","31.153841230769231"
"07/14/2008 14:16:43.593","13932","2","385","227137000","992925.95223155187","0","0","0","0","0","0","1995","0","387","444781.83025365334","120","71297850.940107062","8.9843800000000034"
"07/14/2008 14:16:44.593","14028","32","280","230436000","3299162.1311723441","0","0","0","0","0","0","1995","0","387","1387962.2088151893","120","24118433.255438603","26.5625"
"07/14/2008 14:16:45.593","14197","16","371","231704000","1267967.1870043217","0","0","0","0","0","0","1995","0","387","578530.02855316666","120","69728499.536148429","10.546869999999997"
"07/14/2008 14:16:46.593","14275","145","242","235049000","3344870.1286784704","0","0","0","0","0","0","1995","0","387","1400154.6361754118","122","262133.82212624484","26.171880000000002"
"07/14/2008 14:16:47.593","14500","21","368","236657000","1607908.6216853729","0","0","0","0","0","0","1995","0","389","706010.87702088256","125","19663778.496857092","28.90625"
"07/14/2008 14:16:48.593","14571","8","379","237540000","882977.3221146767","0","0","0","0","0","0","1995","0","387","368421.53767161095","131","72030406.012184426","9.375"
"07/14/2008 14:16:49.593","14667","30","330","239944000","2403446.1537870914","0","0","0","0","0","0","1995","0","387","1012377.7093313229","131","5036919.3005289799","17.578119999999998"
"07/14/2008 14:16:50.593","14753","91","296","241938000","1994263.9425191709","0","0","0","0","0","0","1995","0","387","854789.13206445077","131","47716523.322211474","16.015630000000002"
"07/14/2008 14:16:51.593","14915","147","240","245542000","3603911.6151724481","0","0","0","0","0","0","1995","0","387","1525874.578393735","131","81917.990986383724","28.125"
"07/14/2008 14:16:52.593","15192","86","300","249060000","3517910.1624921937","0","0","0","0","0","0","1995","0","386","1529901.930617814","131","83752869.187838256","28.90625"
"07/14/2008 14:16:53.593","15307","76","310","250767000","1706917.9089429551","0","0","0","0","0","0","1995","0","386","739956.4131660898","131","31062570.10319281","13.671869999999997"
"07/14/2008 14:16:54.593","15570","30","356","254312000","3544765.9553224007","0","0","0","0","0","0","1995","0","386","1530147.9713303663","131","30406696.384957999","30.078130000000002"
"07/14/2008 14:16:55.593","15727","0","386","256399000","2086976.2478984797","0","0","0","0","0","0","1995","0","386","913961.59810458519","131","68680946.334750339","15.625"
"07/14/2008 14:16:56.593","15758","11","256","259059000","2659427.7448424851","0","0","0","0","0","0","1995","0","387","1111381.8530637398","132","41413936.556989864","21.09375"
"07/14/2008 14:16:57.593","15939","124","263","261900000","2841383.8697141567","0","0","0","0","0","0","1995","0","387","1219822.7975247549","132","24382686.090193015","21.875"
"07/14/2008 14:16:58.593","16205","80","307","265600000","3699899.5351088094","0","0","0","0","0","0","1995","0","387","1595582.6744885214","132","31325357.409708612","33.203119999999998"
"07/14/2008 14:16:59.593","16349","5","382","266674000","1073941.9152351466","0","0","0","0","0","0","1995","0","387","488504.57894947991","132","42989290.899528839","8.2031300000000034"
"07/14/2008 14:17:00.718","16369","5","382","267026000","310126.85815137479","0","0","0","0","0","0","1995","0","387","144777.26126626323","132","61435341.185966596","4.1666666666666625"
"07/14/2008 14:17:01.718","16555","46","340","270745000","3756353.2260632152","0","0","0","0","0","0","1995","0","386","1596813.7368771846","132","11840494.028916109","29.296869999999998"
"07/14/2008 14:17:02.718","16727","4","383","272778000","2032658.0984774919","0","0","0","0","0","0","1995","0","387","877997.31720979686","137","45548050.628976025","29.6875"
"07/14/2008 14:17:03.718","16812","3","358","274531000","1753151.2862991723","0","0","0","0","0","0","1995","0","387","754926.14553740993","137","47116257.846647792","17.578130000000002"
"07/14/2008 14:17:04.718","16849","130","257","276780000","2249011.528851239","0","0","0","0","0","0","1995","0","387","938624.81156529568","137","20512873.152801588","17.578119999999998"
"07/14/2008 14:17:05.718","17049","161","226","280568000","3787812.9885408669","0","0","0","0","0","0","1995","0","387","1611815.421637825","137","11468233.791704724","30.078130000000002"
"07/14/2008 14:17:07.187","17355","23","363","283318000","1863500.0687140119","0","0","0","0","0","0","1995","0","387","834895.46533108095","137","65418084.530020423","15.159571063829791"
"07/14/2008 14:17:08.203","17391","119","271","285382000","2046097.0992386027","0","0","0","0","0","0","1995","0","390","822537.97317671613","146","33783125.066746391","23.84615384615385"
"07/14/2008 14:17:09.218","17555","77","310","287436000","2022318.4966053644","0","0","0","0","0","0","1995","0","387","866943.52201725345","148","41812299.374784276","17.307697230769225"
"07/14/2008 14:17:10.218","17676","95","291","289686000","2249887.0964520769","0","0","0","0","0","0","1995","0","386","961164.76695199555","148","31979963.185557622","17.96875"
"07/14/2008 14:17:11.218","17903","49","337","292611000","2924927.5979784969","0","0","0","0","0","0","1995","0","386","1267690.6202955542","148","58522199.374215066","25.78125"
"07/14/2008 14:17:12.218","18059","69","317","295505000","2893874.9210547116","0","0","0","0","0","0","1995","0","386","1228543.8999250364","148","876506.11568796856","24.21875"
"07/14/2008 14:17:13.218","18143","22","349","296310000","804946.55121092615","0","0","0","0","0","0","1995","0","386","353033.55842344841","151","57078065.99244561","11.71875"
"07/14/2008 14:17:14.218","18203","130","256","298826000","2515995.735440535","0","0","0","0","0","0","1995","0","386","1054652.2123868451","151","21692379.231876802","20.703119999999998"
"07/14/2008 14:17:15.218","18378","83","303","300944000","2117912.0415650043","0","0","0","0","0","0","1995","0","386","922300.69617800962","151","44103896.332951263","17.578130000000002"
"07/14/2008 14:17:16.218","18565","67","319","303759000","2814882.2725391472","0","0","0","0","0","0","1995","0","386","1204934.605746211","151","1511360.7900142835","24.21875"
"07/14/2008 14:17:17.218","18769","2","384","305979000","2219917.7447510562","0","0","0","0","0","0","1995","0","386","976994.7991314726","151","56752073.149155185","20.3125"
"07/14/2008 14:17:18.218","18790","27","359","306692000","712982.45015636238","0","0","0","0","0","0","1995","0","386","306995.4434016181","152","46197646.85913682","6.6406199999999966"
"07/14/2008 14:17:19.218","18914","40","276","310113000","3420710.44475618","0","0","0","0","0","0","1995","0","386","1437308.3351668739","152","5049940.5341895288","27.34375"
"07/14/2008 14:17:20.218","19074","76","309","312210000","2096927.7827098798","0","0","0","0","0","0","1995","0","385","911715.6009071935","152","56162417.790508918","16.40625"
"07/14/2008 14:17:21.218","19172","50","331","313376000","1166002.4704368538","0","0","0","0","0","0","1995","0","381","512130.08506205445","152","44073053.378614612","10.15625"
"07/14/2008 14:17:22.218","19314","55","326","315790000","2413894.0374110248","0","0","0","0","0","0","1995","0","381","1032306.6848837392","152","37222814.031945631","20.703130000000002"
"07/14/2008 14:17:23.218","19521","42","339","318928000","3137886.0843920088","0","0","0","0","0","0","1995","0","381","1353351.8688662299","152","54523972.60007222","26.953119999999998"
"07/14/2008 14:17:24.218","19700","47","334","321934000","3005897.3799461997","0","0","0","0","0","0","1995","0","381","1280514.2837888042","152","0","24.609380000000002"
"07/14/2008 14:17:25.218","19957","0","381","325346000","3411834.9033727334","0","0","0","0","0","0","1995","0","381","1480311.3686282642","152","56751429.832637489","30.46875"
"07/14/2008 14:17:26.234","19971","0","380","325602000","250074.38948513832","0","0","0","0","0","0","1995","0","380","120282.85078309976","152","56212721.566027336","3.8461538461538436"
"07/14/2008 14:17:27.234","20009","8","250","328329000","2748961.1243654802","0","0","0","0","0","0","1995","0","380","1136998.3449170117","152","3699571.4374034847","23.828119999999998"
"07/14/2008 14:17:28.234","20166","27","353","329253000","923976.85466910712","0","0","0","0","0","0","1995","0","380","415862.58277251688","152","50854662.106637895","32.03125"
"07/14/2008 14:17:29.234","20202","30","350","329900000","646967.77655526227","0","0","0","0","0","0","1995","0","380","267253.68892827712","152","9436713.9867432714","25"
"07/14/2008 14:17:30.234","20291","156","224","333408000","3507893.6595329675","0","0","0","0","0","0","1995","0","380","1474936.2878653351","152","23723312.836760897","27.734380000000002"
"07/14/2008 14:17:31.234","20521","84","296","336026000","2617908.8291922724","0","0","0","0","0","0","1995","0","380","1145234.1162889039","152","60291020.316099763","21.484369999999998"
"07/14/2008 14:17:32.250","20710","79","301","339013000","2940893.8599777301","0","0","0","0","0","0","1995","0","380","1261225.0260608478","153","354884.26851063035","25.769235692307689"
"07/14/2008 14:17:33.265","20918","2","378","341126000","2080446.8540174745","0","0","0","0","0","0","1995","0","380","919551.60191248462","154","50657212.993304342","18.846148923076921"
"07/14/2008 14:17:34.265","20960","39","341","342426000","1299953.0267845422","0","0","0","0","0","0","1995","0","380","553226.00942803139","154","52099237.417588197","11.328130000000003"
"07/14/2008 14:17:35.265","21177","10","337","346037000","3610809.9338544211","0","0","0","0","0","0","1995","0","380","1546497.5953172632","154","11009468.482584881","30.078119999999998"
"07/14/2008 14:17:36.265","21243","139","241","348694000","2656923.4018558012","0","0","0","0","0","0","1995","0","380","1121214.6757849497","154","64813235.457778528","22.265630000000002"
"07/14/2008 14:17:37.265","21415","30","349","349726000","1031971.3476736859","0","0","0","0","0","0","1995","0","379","478418.7168703652","154","54200863.131845996","8.59375"
"07/14/2008 14:17:38.265","21514","143","236","353180000","3453822.3807697534","0","0","0","0","0","0","1995","0","379","1452122.321912766","154","26213051.945121776","28.125"
"07/14/2008 14:17:39.265","21802","7","372","355746000","2565918.5876282677","0","0","0","0","0","0","1995","0","379","1138528.8763534601","154","52427136.573283292","22.265619999999998"
"07/14/2008 14:17:40.265","21877","71","308","358012000","2265921.8521645688","0","0","0","0","0","0","1995","0","379","958052.95836405258","154","23067876.427721504","18.359380000000002"
"07/14/2008 14:17:41.265","22157","13","366","361607000","3594853.3722573593","0","0","0","0","0","0","1995","0","379","1554118.6102369088","154","19500260.618686955","32.03125"
"07/14/2008 14:17:42.265","22195","11","342","362637000","1029960.7087775513","0","0","0","0","0","0","1995","0","380","441032.17538410699","155","63501961.509826973","28.90625"
"07/14/2008 14:17:43.281","22252","32","348","363453000","803419.48782145733","0","0","0","0","0","0","1995","0","380","345576.71469543834","155","34521202.526126057","25.769225846153844"
"07/14/2008 14:17:44.296","22373","59","321","365810000","2320610.1919489969","0","0","0","0","0","0","1995","0","380","991367.23385911749","155","30971609.918961957","19.23076923076923"
"07/14/2008 14:17:45.296","22563","85","295","369381000","3570882.7381402561","0","0","0","0","0","0","1995","0","380","1519781.0929124737","155","0","30.078130000000002"
"07/14/2008 14:17:46.296","22761","31","348","371740000","2358920.9535469278","0","0","0","0","0","0","1995","0","379","1026154.6139887105","155","48630178.423090756","17.578119999999998"
"07/14/2008 14:17:47.500","22866","2","377","372968000","1016761.5928118502","0","0","0","0","0","0","1995","0","379","445016.18082262052","155","43952715.858859211","7.7922077922077948"
"07/14/2008 14:17:48.515","22982","43","340","375430000","2435040.5571791735","0","0","0","0","0","0","1995","0","383","961575.95474486216","164","27685544.727520347","25.000004923076922"
"07/14/2008 14:17:49.531","23067","12","362","376379000","934350.27277511894","0","0","0","0","0","0","1995","0","374","402793.5782347272","164","30274004.289433785","8.8461489230769246"
"07/14/2008 14:17:50.546","23197","17","362","378340000","1930768.6176747365","0","0","0","0","0","0","1995","0","379","865228.51747360243","188","21261210.492684059","19.615389538461535"
"07/14/2008 14:17:51.546","23274","22","290","380794000","2453904.9522471526","0","0","0","0","0","0","1995","0","379","1037331.8207508285","188","32103204.538044497","19.53125"
"07/14/2008 14:17:52.546","23403","145","234","383816000","3021791.578308397","0","0","0","0","0","0","1995","0","379","1285026.3680204484","188","53997939.606168009","25.78125"
"07/14/2008 14:17:53.546","23653","125","252","387547000","3731012.8718335098","0","0","0","0","0","0","1995","0","377","1599087.516782973","189","258048.89025754316","31.25"
"07/14/2008 14:17:54.546","23865","7","370","389119000","1571253.202508149","0","0","0","0","0","0","1995","0","377","717036.20143491623","189","87256576.01317437","15.234369999999997"
"07/14/2008 14:17:55.546","23883","80","296","390624000","1505585.2964957331","0","0","0","0","0","0","1995","0","376","630751.20461949415","189","33567481.363100275","12.109380000000003"
"07/14/2008 14:17:56.546","24161","38","338","394532000","3907836.6788923154","0","0","0","0","0","0","1995","0","376","1678946.831392973","189","4722490.6318742558","31.640619999999998"
"07/14/2008 14:17:57.546","24265","0","376","395589000","1056968.9849540358","0","0","0","0","0","0","1995","0","376","475174.05678556138","189","72873893.63341327","8.59375"
"07/14/2008 14:17:58.546","24374","37","281","398932000","3342821.5331677063","0","0","0","0","0","0","1995","0","376","1411896.6215464771","189","27261520.559687223","26.953130000000002"
"07/14/2008 14:17:59.546","24519","56","320","400655000","1722965.4269771639","0","0","0","0","0","0","1995","0","376","757098.80805594218","189","66583239.940762281","15.234369999999997"
"07/14/2008 14:18:00.546","24643","143","233","404123000","3467858.8122281311","0","0","0","0","0","0","1995","0","376","1462622.4518995003","189","0","28.125"
"07/14/2008 14:18:01.546","24849","12","364","405331000","1207961.252107284","0","0","0","0","0","0","1995","0","376","568314.77011083532","189","86504745.178721786","11.71875"
"07/14/2008 14:18:02.546","24945","84","292","408088000","2756857.944331897","0","0","0","0","0","0","1995","0","376","1163385.0529717896","189","86011.56798681627","23.046880000000002"
"07/14/2008 14:18:03.546","25178","36","337","411064000","2975879.054347354","0","0","0","0","0","0","1995","0","373","1284104.811422559","189","25164801.252349444","32.421869999999998"
"07/14/2008 14:18:04.546","25319","22","351","413175000","2110938.2320807558","0","0","0","0","0","0","1995","0","373","910864.34730377619","192","61552886.908101611","18.75"
"07/14/2008 14:18:05.546","25419","0","373","414423000","1247947.2499291215","0","0","0","0","0","0","1995","0","373","545136.95734884602","192","36551159.001821473","9.7656300000000034"
"07/14/2008 14:18:06.546","25436","7","195","417607000","3183761.1373267542","0","0","0","0","0","0","1995","0","373","1323060.7369551721","192","26212433.404000774","25.390619999999998"
"07/14/2008 14:18:07.546","25702","11","362","419265000","1658025.274206846","0","0","0","0","0","0","1995","0","373","762425.62208030059","192","73925734.8913351","15.625"
"07/14/2008 14:18:08.546","25778","131","242","422460000","3194879.5465595643","0","0","0","0","0","0","1995","0","373","1342771.3747950569","192","4095.845578312355","25.390630000000002"
"07/14/2008 14:18:09.546","26046","77","296","426008000","3547578.725857758","0","0","0","0","0","0","1995","0","373","1530988.1955106042","192","19920578.435979556","30.078119999999998"
"07/14/2008 14:18:10.546","26198","4","369","427282000","1274045.6166330958","0","0","0","0","0","0","1995","0","373","580722.79251967964","192","87755846.058792397","9.7656300000000034"
"07/14/2008 14:18:11.546","26292","36","337","429321000","2038928.4650889889","0","0","0","0","0","0","1995","0","373","866992.58194548811","192","22346991.965587318","18.359369999999998"
"07/14/2008 14:18:12.546","26477","9","336","432393000","3071823.5604999582","0","0","0","0","0","0","1995","0","373","1318903.2447931883","192","24713844.485408995","26.171880000000002"
"07/14/2008 14:18:13.546","26532","76","297","433956000","1562973.9709475946","0","0","0","0","0","0","1995","0","373","670642.83142155351","192","62913512.267191745","13.28125"
"07/14/2008 14:18:14.546","26665","116","257","436786000","2829891.4078119919","0","0","0","0","0","0","1995","0","373","1210439.5514758681","192","35125948.102497719","24.21875"
"07/14/2008 14:18:15.546","26890","118","255","440489000","3702851.1750144605","0","0","0","0","0","0","1995","0","373","1577747.5871727627","192","0","31.25"
"07/14/2008 14:18:16.546","27074","7","365","441675000","1184625.7506142159","0","0","0","0","0","0","1995","0","372","552492.07024830789","192","87192802.202429458","9.7656199999999966"
"07/14/2008 14:18:17.546","27134","71","301","443731000","2058229.088267504","0","0","0","0","0","0","1995","0","372","867263.25713242078","192","19686216.422643621","17.1875"
"07/14/2008 14:18:18.546","27350","34","338","446617000","2885889.3455635863","0","0","0","0","0","0","1995","0","372","1241490.3971976175","192","15728036.935622053","30.46875"
"07/14/2008 14:18:19.546","27534","2","357","449329000","2711883.6311381441","0","0","0","0","0","0","1995","0","370","1177412.4763904174","192","56620674.366457507","24.21875"
"07/14/2008 14:18:20.546","27553","114","256","451266000","1936938.2100223023","0","0","0","0","0","0","1995","0","370","814698.01043996401","192","53541203.990016341","16.40625"
"07/14/2008 14:18:21.546","27710","20","350","452310000","1043961.9402333109","0","0","0","0","0","0","1995","0","370","481530.44482324756","192","40892973.163066365","9.7656300000000034"
"07/14/2008 14:18:22.546","27787","148","222","455658000","3347876.1385008343","0","0","0","0","0","0","1995","0","370","1400503.1855310739","192","81916.969314811329","27.734369999999998"
"07/14/2008 14:18:23.546","28007","12","358","456976000","1317926.0603300387","0","0","0","0","0","0","1995","0","370","614125.54568459524","192","78114529.536744297","11.328130000000003"
"07/14/2008 14:18:24.546","28131","92","278","460319000","3342846.5276557612","0","0","0","0","0","0","1995","0","370","1407659.3734064251","192","0","27.34375"
"07/14/2008 14:18:25.546","28350","47","323","463192000","2872958.6083662454","0","0","0","0","0","0","1995","0","370","1245338.058016204","192","32505387.684480883","25.390619999999998"
"07/14/2008 14:18:26.546","28518","19","351","465479000","2286910.8801969965","0","0","0","0","0","0","1995","0","370","997054.14528564212","192","57145165.080753297","19.53125"
"07/14/2008 14:18:27.546","28610","32","310","467674000","2194909.4117336576","0","0","0","0","0","0","1995","0","370","937621.302508511","192","44042470.279866882","19.140630000000002"
"07/14/2008 14:18:28.546","28694","115","255","469869000","2194933.5931142266","0","0","0","0","0","0","1995","0","370","844519.44938344171","201","46135948.174335808","25.78125"
"07/14/2008 14:18:29.546","28887","34","336","471681000","1811929.4987044716","0","0","0","0","0","0","1995","0","370","807172.59330697812","201","49805422.095250085","16.796869999999998"
"07/14/2008 14:18:30.546","29017","98","274","474803000","3121757.7819392276","0","0","0","0","0","0","1995","0","372","1317745.7557376833","203","0","26.953130000000002"
"07/14/2008 14:18:31.546","29270","65","305","478443000","3639910.8414984187","0","0","0","0","0","0","1995","0","370","1564115.6874651422","204","34077885.272634335","31.25"
"07/14/2008 14:18:32.546","29471","2","368","480708000","2264970.5189459962","0","0","0","0","0","0","1995","0","370","1003918.9329035283","204","88406913.287898824","19.921869999999998"
"07/14/2008 14:18:33.546","29573","10","359","482485000","1776937.2171505606","0","0","0","0","0","0","1995","0","369","762925.04428781907","204","30165974.174040321","14.84375"
"07/14/2008 14:18:34.546","29662","30","240","485914000","3428851.5925860368","0","0","0","0","0","0","1995","0","369","1444950.4597134811","204","26737530.747291088","28.125"
"07/14/2008 14:18:35.546","29857","48","321","487760000","1845939.2924303648","0","0","0","0","0","0","1995","0","369","825958.83661830297","204","74446447.67305623","16.015630000000002"
"07/14/2008 14:18:36.546","29976","119","250","490912000","3151881.2031425629","0","0","0","0","0","0","1995","0","369","1335807.6523691679","204","81916.912487766094","26.171869999999998"
"07/14/2008 14:18:37.546","30223","93","276","494476000","3563720.1490094853","0","0","0","0","0","0","1995","0","369","1539076.1397853403","204","46526906.345873959","30.859380000000002"
"07/14/2008 14:18:38.750","30350","12","357","495246000","635431.65095829125","0","0","0","0","0","0","1995","0","369","303094.29561982222","204","68076549.055102259","4.8701257142857113"
"07/14/2008 14:18:39.765","30498","57","312","498396000","3128054.3416384212","0","0","0","0","0","0","1995","0","369","1327972.2738016832","204","16725410.640869588","26.15384615384615"
"07/14/2008 14:18:40.765","30644","56","313","500804000","2407804.6000699359","0","0","0","0","0","0","1995","0","369","1036947.8488454012","204","39580531.931557611","18.359380000000002"
"07/14/2008 14:18:41.765","30806","13","356","502785000","1981017.5392147976","0","0","0","0","0","0","1995","0","369","854530.56570542476","204","38404436.019025162","32.8125"
"07/14/2008 14:18:42.765","30843","10","270","504654000","1868918.1844568742","0","0","0","0","0","0","1995","0","369","749771.17730256938","213","30018269.891616173","15.234369999999997"
"07/14/2008 14:18:43.765","30981","122","247","507224000","2569921.2553846408","0","0","0","0","0","0","1995","0","369","1099297.3165771412","213","12516992.468498668","21.09375"
"07/14/2008 14:18:44.781","31154","24","345","508462000","1218911.2609271016","0","0","0","0","0","0","1995","0","369","559544.26652964321","213","72268559.453677505","11.153851076923072"
"07/14/2008 14:18:45.796","31306","93","276","512069000","3549733.4954272746","0","0","0","0","0","0","1995","0","369","1498519.9458884485","213","20638565.842534792","28.46153846153846"
"07/14/2008 14:18:46.796","31496","45","324","514421000","2353002.3664785386","0","0","0","0","0","0","1995","0","369","1023875.1653683798","213","40059561.159739554","19.140619999999998"
"07/14/2008 14:18:47.796","31623","43","325","516443000","2021864.4584283074","0","0","0","0","0","0","1995","0","368","878628.09860682196","213","50262742.490690723","16.796880000000002"
"07/14/2008 14:18:48.796","31797","0","301","519689000","3245939.7236527861","0","0","0","0","0","0","1995","0","368","1387378.2367081856","213","33095065.432317019","26.953119999999998"
"07/14/2008 14:18:49.796","31901","102","266","521993000","2303926.2004064801","0","0","0","0","0","0","1995","0","368","985361.43680431542","213","51247510.43464157","19.921880000000002"
"07/14/2008 14:18:50.796","32091","111","257","525261000","3267884.0364996539","0","0","0","0","0","0","1995","0","368","1399511.3372115949","213","20446506.439230382","26.5625"
"07/14/2008 14:18:51.796","32240","105","263","527535000","2273883.7860947214","0","0","0","0","0","0","1995","0","368","984503.68387629837","213","51115467.58500126","18.75"
"07/14/2008 14:18:52.796","32376","72","295","529260000","1724956.7192207286","0","0","0","0","0","0","1995","0","367","753764.08735325129","213","29166884.175565235","14.84375"
"07/14/2008 14:18:54.156","32517","9","356","530533000","931784.45098808676","0","0","0","0","0","0","1995","0","365","420814.49932428583","214","44467910.210540861","7.1839043678160959"
"07/14/2008 14:18:55.156","32599","96","269","533323000","2808615.2304385062","0","0","0","0","0","0","1995","0","365","1185050.3995739385","214","21639230.730961252","23.046880000000002"
"07/14/2008 14:18:56.171","32865","49","316","536914000","3535982.5016841027","0","0","0","0","0","0","1995","0","365","1531585.5635865999","214","56529967.89913772","30.000000000000004"
"07/14/2008 14:18:57.171","33033","43","322","539572000","2657892.9447327433","0","0","0","0","0","0","1995","0","365","1140075.0797748833","214","12406284.296622681","22.265619999999998"
"07/14/2008 14:18:58.171","33224","54","287","543241000","3668825.1918367739","0","0","0","0","0","0","1995","0","365","1570822.1551869209","214","57144669.233407281","28.125"
"07/14/2008 14:18:59.171","33319","22","343","543897000","655981.28508787276","0","0","0","0","0","0","1995","0","365","306772.24789716874","214","61864219.035892956","6.25"
"07/14/2008 14:19:00.171","33376","136","229","546733000","2835880.0863094716","0","0","0","0","0","0","1995","0","365","1183647.9500720554","214","15203709.119195906","22.265630000000002"
"07/14/2008 14:19:01.171","33595","31","334","548575000","1841870.7161058085","0","0","0","0","0","0","1995","0","365","814673.81672291062","214","55636158.80773779","29.296869999999998"
"07/14/2008 14:19:02.171","33639","126","239","550833000","2257994.9365096488","0","0","0","0","0","0","1995","0","365","946868.87667308573","214","13045730.745314488","22.265630000000002"
"07/14/2008 14:19:03.171","33953","73","292","555030000","4196800.4918444706","0","0","0","0","0","0","1995","0","365","1820524.45562484","214","55899550.638454109","33.984369999999998"
"07/14/2008 14:19:04.171","34120","35","330","557166000","2135939.1985808061","0","0","0","0","0","0","1995","0","365","928624.56587137841","214","26410256.208441604","17.578130000000002"
"07/14/2008 14:19:05.171","34180","12","316","558344000","1177960.9864197995","0","0","0","0","0","0","1995","0","365","469605.44686201413","223","44038733.455379762","13.28125"
"07/14/2008 14:19:06.171","34262","118","247","560750000","2405883.5356411985","0","0","0","0","0","0","1995","0","365","1000639.5608951454","232","36174120.87791498","19.921869999999998"
"07/14/2008 14:19:07.171","34485","85","279","563811000","3060921.2702628989","0","0","0","0","0","0","1995","0","364","1319633.0578124891","232","51100381.65073783","26.953130000000002"
"07/14/2008 14:19:08.171","34619","100","258","566285000","2473640.2939088866","0","0","0","0","0","0","1995","0","358","1064387.2214059636","232","41793602.554768555","20.3125"
"07/14/2008 14:19:09.171","34775","67","291","568314000","2029129.3325505883","0","0","0","0","0","0","1995","0","358","871682.55926223344","232","0","16.40625"
"07/14/2008 14:19:10.171","35038","2","356","571546000","3231881.3873958886","0","0","0","0","0","0","1995","0","358","1405687.4101598109","232","55769089.230298512","28.515619999999998"
"07/14/2008 14:19:11.171","35082","9","349","572401000","854965.36151135946","0","0","0","0","0","0","1995","0","358","373371.8730276514","232","54327142.963315792","6.6406300000000034"
"07/14/2008 14:19:12.171","35154","12","228","575558000","3156824.1118511497","0","0","0","0","0","0","1995","0","358","1310659.9742157089","232","11537789.151268573","26.953119999999998"
"07/14/2008 14:19:13.171","35322","42","319","576798000","1239977.7364780356","0","0","0","0","0","0","1995","0","361","548167.1577817098","241","57670644.536520645","20.703130000000002"
"07/14/2008 14:19:14.171","35379","114","244","578944000","2145918.4266130775","0","0","0","0","0","0","1995","0","358","887354.26875830651","243","19922186.692441963","17.96875"
"07/14/2008 14:19:15.171","35646","13","345","581632000","2687785.5577098066","0","0","0","0","0","0","1995","0","358","1180755.7945764975","243","56503907.892060176","23.4375"
"07/14/2008 14:19:16.171","35735","57","300","583818000","2186010.2303999984","0","0","0","0","0","0","1995","0","357","923577.32228783972","243","13221949.877951955","16.796869999999998"
"07/14/2008 14:19:17.171","35955","14","343","586704000","2885883.9889137843","0","0","0","0","0","0","1995","0","357","1247275.8601371706","243","23207003.09013715","23.828130000000002"
"07/14/2008 14:19:18.171","36041","16","305","588767000","2062855.1042901019","0","0","0","0","0","0","1995","0","357","879400.23060066975","243","56553595.654403552","16.796869999999998"
"07/14/2008 14:19:19.171","36105","67","290","590044000","1277001.1109770795","0","0","0","0","0","0","1995","0","357","547143.47600887401","243","40435747.178660311","10.546880000000003"
"07/14/2008 14:19:20.171","36221","172","181","593619000","3574845.1932639899","0","0","0","0","0","0","1995","0","353","1501736.9680934956","243","30407387.224555932","28.90625"
"07/14/2008 14:19:21.171","36476","45","311","595628000","2008919.182191523","0","0","0","0","0","0","1995","0","356","875152.79304322274","252","55703359.081875607","23.4375"
"07/14/2008 14:19:22.171","36570","92","261","597952000","2323675.4069352243","0","0","0","0","0","0","1995","0","353","976515.59102155792","252","34995431.50553488","21.09375"
"07/14/2008 14:19:23.171","36824","36","316","601019000","3067151.9026331347","0","0","0","0","0","0","1995","0","352","1301648.4649614759","261","233483.5634207901","27.734369999999998"
"07/14/2008 14:19:24.171","36835","16","167","603657000","2637938.2235564324","0","0","0","0","0","0","1995","0","352","1095400.3474137713","261","48364435.379536703","19.53125"
"07/14/2008 14:19:25.171","37021","5","197","606207000","2549865.9998420449","0","0","0","0","0","0","1995","0","352","1100903.1455106265","261","32008557.891287774","23.046880000000002"
"07/14/2008 14:19:27.140","37283","80","272","609273000","1546022.9051284182","0","0","0","0","0","0","1995","0","352","679839.62077288539","262","53485542.819092564","14.682539682539685"
"07/14/2008 14:19:28.140","37545","31","321","612749000","3526419.0782649736","0","0","0","0","0","0","1995","0","352","1529770.9441014603","262","55562015.515963756","30.46875"
"07/14/2008 14:19:29.140","37710","22","330","615309000","2559903.5440401603","0","0","0","0","0","0","1995","0","352","1097597.6430377725","262","14024175.575669615","20.703119999999998"
"07/14/2008 14:19:30.140","37848","23","293","618136000","2826891.2473195097","0","0","0","0","0","0","1995","0","356","1193522.0842874611","272","43514229.974105433","24.21875"
"07/14/2008 14:19:31.140","37948","70","283","619955000","1818880.1873125199","0","0","0","0","0","0","1995","0","353","777580.77945036255","272","55112145.670563437","16.796880000000002"
"07/14/2008 14:19:32.140","38036","71","282","621299000","1343985.5103373374","0","0","0","0","0","0","1995","0","353","563926.92023888812","281","29818558.522684392","13.671869999999997"
"07/14/2008 14:19:33.156","38244","30","324","623996000","2655429.4692356484","0","0","0","0","0","0","1995","0","354","1150392.6965939451","282","53173335.785119697","25.000004923076922"
"07/14/2008 14:19:34.156","38376","68","286","626784000","2787899.1873406703","0","0","0","0","0","0","1995","0","354","1179715.3405518846","282","192505.03886417759","23.046869999999998"
"07/14/2008 14:19:35.171","38645","1","353","630107000","3271737.8538093534","0","0","0","0","0","0","1995","0","354","1424066.4836758708","282","56140792.496887304","29.230769230769226"
"07/14/2008 14:19:36.171","38703","12","342","631234000","1126814.1582724154","0","0","0","0","0","0","1995","0","354","487585.58412429073","282","48161016.962961525","8.9843800000000034"
"07/14/2008 14:19:37.171","38779","26","243","634087000","2853219.5739006847","0","0","0","0","0","0","1995","0","354","1197790.1777853847","282","15320218.991015613","23.046869999999998"
"07/14/2008 14:19:38.171","38945","69","285","636156000","2068950.2527130146","0","0","0","0","0","0","1995","0","354","901126.33268817188","282","56687276.971463077","17.96875"
"07/14/2008 14:19:39.171","39030","148","206","638819000","2662898.0455655111","0","0","0","0","0","0","1995","0","354","1119600.1338457023","282","28769202.512927376","21.484380000000002"
"07/14/2008 14:19:40.171","39320","63","291","642244000","3424874.0860781493","0","0","0","0","0","0","1995","0","354","1490140.2156797745","282","56752089.535509028","32.8125"
"07/14/2008 14:19:41.171","39457","59","295","644399000","2154920.6298780264","0","0","0","0","0","0","1995","0","354","926482.87574603222","282","19266874.361720547","18.75"
"07/14/2008 14:19:42.171","39625","19","330","646509000","2109921.7650788873","0","0","0","0","0","0","1995","0","355","893567.86691765813","287","55965668.818939954","28.515619999999998"
"07/14/2008 14:19:43.171","39680","5","349","647023000","506163.19971242407","0","0","0","0","0","0","1995","0","354","215534.92577326397","291","23463157.702043757","3.90625"
"07/14/2008 14:19:44.171","39795","47","307","649478000","2493389.9870668184","0","0","0","0","0","0","1995","0","354","1047310.123752952","294","13907050.740866344","20.703130000000002"
"07/14/2008 14:19:45.171","40003","16","338","652425000","2946911.4390509902","0","0","0","0","0","0","1995","0","354","1268082.8914152631","294","30293105.627822775","24.21875"
"07/14/2008 14:19:46.171","40090","15","270","654998000","2572890.9751077411","0","0","0","0","0","0","1995","0","355","1093857.6483615462","295","56116918.075320616","21.484369999999998"
"07/14/2008 14:19:47.171","40203","97","256","657052000","2053941.5173137551","0","0","0","0","0","0","1995","0","353","882670.86736454838","295","50403940.828729473","16.015630000000002"
"07/14/2008 14:19:48.171","40477","29","324","660412000","3359863.6248401571","0","0","0","0","0","0","1995","0","353","1462890.6220118774","295","57079539.170465432","30.46875"
"07/14/2008 14:19:49.171","40621","34","319","662841000","2428909.8096338729","0","0","0","0","0","0","1995","0","353","1041419.3299801047","295","14745052.486182477","20.3125"
"07/14/2008 14:19:50.171","40817","0","350","665534000","2692612.1071485048","0","0","0","0","0","0","1995","0","353","1164639.224170564","295","37743298.768344834","23.4375"
"07/14/2008 14:19:51.171","40821","1","199","668090000","2556168.177787825","0","0","0","0","0","0","1995","0","353","1062734.9204416664","295","52432249.671205916","21.875"
"07/14/2008 14:19:52.171","41014","83","270","670059000","1968926.7494570767","0","0","0","0","0","0","1995","0","353","867197.7373954599","295","50854044.062507428","16.015619999999998"
"07/14/2008 14:19:53.171","41159","54","299","671961000","1901940.5674775983","0","0","0","0","0","0","1995","0","353","826826.16303889966","296","37751652.322800443","16.796880000000002"
"07/14/2008 14:19:54.171","41335","66","286","675007000","3045884.1245942772","0","0","0","0","0","0","1995","0","352","1307574.2555937187","296","46135588.851131007","27.34375"
"07/14/2008 14:19:55.171","41550","50","302","678294000","3286852.6851040893","0","0","0","0","0","0","1995","0","352","1408343.8788163662","296","0","28.90625"
"07/14/2008 14:19:56.171","41815","0","352","681825000","3530842.6367242755","0","0","0","0","0","0","1995","0","352","1522644.138502321","296","57406977.474754237","34.765619999999998"
"07/14/2008 14:19:57.218","41837","0","352","682195000","353108.64724043204","0","0","0","0","0","0","1995","0","352","165673.80554673448","296","65296072.299981378","4.4776119402985088"
"07/14/2008 14:19:58.218","41883","16","303","683687000","1493310.4307215435","0","0","0","0","0","0","1995","0","352","589555.35488696815","305","5915719.2449542517","21.875"
"07/14/2008 14:19:59.218","41964","106","246","685934000","2246958.7716305936","0","0","0","0","0","0","1995","0","352","950416.56126210571","305","19730069.982403629","17.578130000000002"
"07/14/2008 14:20:00.218","42095","57","295","687291000","1356956.6763072633","0","0","0","0","0","0","1995","0","352","599729.8523644841","305","47315481.353852153","10.15625"
"07/14/2008 14:20:01.218","42248","36","318","689410000","2118838.9437679895","0","0","0","0","0","0","1995","0","354","910711.77538648108","307","40367107.63358558","19.140619999999998"
"07/14/2008 14:20:02.218","42387","35","317","691606000","2195963.0506385863","0","0","0","0","0","0","1995","0","352","930547.34257349488","314","36101536.554113634","20.703130000000002"
"07/14/2008 14:20:03.218","42468","24","330","692546000","939976.47150805371","0","0","0","0","0","0","1995","0","354","383769.39389243547","332","208890.77126824085","10.546869999999997"
"07/14/2008 14:20:04.218","42525","0","353","693024000","477982.37701004697","0","0","0","0","0","0","1995","0","353","198176.69331665093","335","22187213.967646416","21.484380000000002"
"07/14/2008 14:20:05.218","42530","0","354","693095000","70997.620100775937","0","0","0","0","0","0","1995","0","354","33362.881648482937","336","12283492.247132422","25.78125"
"07/14/2008 14:20:06.218","42530","0","354","693113000","17999.48236385702","0","0","0","0","0","0","1995","0","354","7629.7805797905039","336","0","25"
"07/14/2008 14:20:07.218","42542","16","339","693528000","414978.58270433964","0","0","0","0","0","0","1995","0","355","142068.6677501247","342","376812.5524762451","20.3125"
"07/14/2008 14:20:08.218","42569","2","353","693726000","197987.18989397219","0","0","0","0","0","0","1995","0","355","64233.843961661543","342","4038394.7090324755","1.1718699999999971"
"07/14/2008 14:20:09.218","42579","3","352","693913000","186996.56187744072","0","0","0","0","0","0","1995","0","355","44391.183822798652","342","7167868.2114304546","3.5156300000000029"
"07/14/2008 14:20:10.218","42619","3","352","694580000","666978.37516394164","0","0","0","0","0","0","1995","0","355","187002.93697306383","343","8191.7344068111097","13.671869999999997"
"07/14/2008 14:20:11.218","42635","3","352","694845000","264989.0534390345","0","0","0","0","0","0","1995","0","355","72613.000394448783","343","13098466.909095623","10.546880000000003"
"07/14/2008 14:20:12.218","42648","3","352","695075000","229992.81913896519","0","0","0","0","0","0","1995","0","355","48323.491238654322","343","4194173.0490688621","7.03125"
"07/14/2008 14:20:13.218","42668","20","335","695654000","578975.35984040634","0","0","0","0","0","0","1995","0","355","116531.04064656579","343","4095.8256889573477","12.5"
"07/14/2008 14:20:14.218","42769","10","349","696998000","1343956.0884636489","0","0","0","0","0","0","1995","0","359","490902.96055988543","353","8990426.2527320664","16.40625"
"07/14/2008 14:20:15.234","42826","18","316","698305000","1286824.6338368184","0","0","0","0","0","0","1995","0","358","545864.70846649597","365","25805711.436535344","11.538461538461542"
"07/14/2008 14:20:16.250","42896","79","277","699911000","1581257.871245573","0","0","0","0","0","0","1995","0","356","672730.7031965357","380","31416265.974124745","14.230764307692311"
"07/14/2008 14:20:17.265","43047","106","250","702518000","2566793.8838290111","0","0","0","0","0","0","1995","0","356","1076076.3993252814","414","37638402.168627217","24.615384615384617"
"07/14/2008 14:20:18.265","43231","13","341","703943000","1424939.9288458391","0","0","0","0","0","0","1995","0","354","627659.53977370483","425","33004176.643815093","12.5"
"07/14/2008 14:20:19.265","43322","25","234","707208000","3264618.2525557075","0","0","0","0","0","0","1995","0","354","1368334.9940371281","425","14289273.086876407","27.34375"
"07/14/2008 14:20:20.265","43509","64","290","709367000","2159081.4179425463","0","0","0","0","0","0","1995","0","354","946429.68941747025","425","57804931.7967306","19.53125"
"07/14/2008 14:20:21.265","43591","50","304","710480000","1112971.9075489943","0","0","0","0","0","0","1995","0","354","488268.67564234545","425","36568164.985343248","8.59375"
"07/14/2008 14:20:22.265","43705","50","304","712316000","1835922.6512506588","0","0","0","0","0","0","1995","0","354","779993.13832486188","428","29420328.500278618","16.796880000000002"
"07/14/2008 14:20:23.265","43898","12","342","714819000","2502897.319920951","0","0","0","0","0","0","1995","0","354","1086870.4116987137","428","50796508.099303983","21.484369999999998"
"07/14/2008 14:20:24.265","44037","58","296","717841000","3021841.7519028564","0","0","0","0","0","0","1995","0","354","1286123.6481540988","428","0","24.21875"
"07/14/2008 14:20:25.265","44208","21","333","720020000","2178960.1990657756","0","0","0","0","0","0","1995","0","354","950298.641824411","428","36175211.222807713","16.796880000000002"
"07/14/2008 14:20:26.281","44396","0","354","722741000","2678927.8534575072","0","0","0","0","0","0","1995","0","354","1157799.9316032783","428","44391604.731085464","20.769230769230774"
"07/14/2008 14:20:27.296","44431","6","296","724250000","1485776.1767385767","0","0","0","0","0","0","1995","0","354","629184.36493260995","428","48524595.290982105","9.9999999999999982"
"07/14/2008 14:20:28.296","44502","131","223","726634000","2383918.7570642959","0","0","0","0","0","0","1995","0","354","1007664.6592176737","428","27892809.424936987","19.53125"
"07/14/2008 14:20:29.296","44722","62","292","729085000","2450903.5887852162","0","0","0","0","0","0","1995","0","354","1072903.7951745177","428","57669411.457883552","21.875"
"07/14/2008 14:20:30.296","44837","91","263","731472000","2386906.7864878895","0","0","0","0","0","0","1995","0","354","1019703.1785393883","428","29883248.999005981","19.921869999999998"
"07/14/2008 14:20:31.296","45095","67","287","735304000","3831813.1583361542","0","0","0","0","0","0","1995","0","354","1641350.9666755928","428","94203.406581558564","32.421880000000002"
"07/14/2008 14:20:32.296","45305","2","352","737672000","2367931.1207046038","0","0","0","0","0","0","1995","0","354","1041710.6983166954","428","60225832.127724096","20.703119999999998"
"07/14/2008 14:20:33.390","45326","4","350","738054000","346637.9422646584","0","0","0","0","0","0","1995","0","354","161115.86367794406","428","56707673.373560824","3.5714285714285698"
"07/14/2008 14:20:34.390","45488","9","345","740799000","2767675.4580236734","0","0","0","0","0","0","1995","0","354","1180210.4183280468","428","5823068.1724049551","28.90625"
"07/14/2008 14:20:35.390","45545","20","248","743342000","2542893.7051931908","0","0","0","0","0","0","1995","0","354","1068581.3325229173","428","42465552.908995099","20.3125"
"07/14/2008 14:20:36.406","45702","35","319","744742000","1378415.268820293","0","0","0","0","0","0","1995","0","354","616707.91418187344","428","55233903.240814395","13.076923076923075"
"07/14/2008 14:20:37.421","45786","157","197","748142000","3347320.0955000636","0","0","0","0","0","0","1995","0","354","1404310.0602183358","428","21682947.196691688","28.076928000000002"
"07/14/2008 14:20:38.421","46087","43","310","751193000","3051054.5864980393","0","0","0","0","0","0","1995","0","356","1338034.9388183639","430","42468087.797678337","28.515619999999998"
"07/14/2008 14:20:39.421","46157","43","313","752323000","1129976.0250333759","0","0","0","0","0","0","1995","0","356","493730.52440354339","430","54524795.134620041","9.7656300000000034"
"07/14/2008 14:20:40.421","46245","132","224","755212000","2888871.7248655865","0","0","0","0","0","0","1995","0","356","1218726.8846325385","430","23067647.7227409","23.046869999999998"
"07/14/2008 14:20:41.421","46486","14","342","757171000","1958945.5517889906","0","0","0","0","0","0","1995","0","356","878091.59374922991","430","63437084.788268454","17.578130000000002"
"07/14/2008 14:20:42.421","46585","92","264","760075000","2903876.6557510039","0","0","0","0","0","0","1995","0","356","1222961.0538498631","430","90108.172590576607","23.828119999999998"
"07/14/2008 14:20:43.421","46791","69","287","763059000","2983889.459466869","0","0","0","0","0","0","1995","0","356","1286023.3582526862","430","25689160.324840255","23.046880000000002"
"07/14/2008 14:20:44.421","46941","4","352","764434000","1374878.0876466776","0","0","0","0","0","0","1995","0","356","617857.21374104288","430","69724121.465121076","11.71875"
"07/14/2008 14:20:45.421","47021","29","327","766160000","1725994.7444116983","0","0","0","0","0","0","1995","0","356","734755.76269666897","430","23592888.160553545","14.0625"
"07/14/2008 14:20:46.421","47149","37","288","768884000","2723554.9494488426","0","0","0","0","0","0","1995","0","357","1154231.3894062897","431","21160574.193793572","25.390619999999998"
"07/14/2008 14:20:47.421","47240","33","324","769788000","904076.31438795838","0","0","0","0","0","0","1995","0","357","392920.16695900646","431","3670325.8175053513","23.4375"
"07/14/2008 14:20:49.343","47368","49","311","772052000","1176979.2458978987","0","0","0","0","0","0","1995","0","360","483657.89065453369","440","45549479.438477032","9.7560975609756078"
"07/14/2008 14:20:50.359","47539","43","316","774761000","2671538.1071897256","0","0","0","0","0","0","1995","0","359","1133924.4385749083","442","16036250.182940196","21.923081846153845"
"07/14/2008 14:20:51.375","47791","19","331","778650000","3829032.1048292397","0","0","0","0","0","0","1995","0","359","1640850.0376032295","442","27374919.214032214","33.461533538461538"
"07/14/2008 14:20:52.390","47834","75","284","780172000","1498528.0837734859","0","0","0","0","0","0","1995","0","359","637550.84085573698","442","67041807.110123627","11.923081846153849"
"07/14/2008 14:20:53.390","47930","73","288","781619000","1446861.8842909718","0","0","0","0","0","0","1995","0","361","623087.52080875344","444","34734860.251687229","12.890619999999997"
"07/14/2008 14:20:54.390","48063","103","258","784321000","2702038.3313121363","0","0","0","0","0","0","1995","0","361","1146709.2673010021","444","34603498.88775","23.046880000000002"
"07/14/2008 14:20:55.390","48307","16","345","786900000","2578926.4241488171","0","0","0","0","0","0","1995","0","361","1132437.6919564989","444","63961311.206601188","25"
"07/14/2008 14:20:56.390","48427","70","291","789739000","2838904.0497911246","0","0","0","0","0","0","1995","0","361","1195238.6029342324","444","0","23.4375"
"07/14/2008 14:20:57.390","48640","25","337","792465000","2725886.5261696964","0","0","0","0","0","0","1995","0","362","1179271.9089981557","445","31648474.530034281","22.265619999999998"
"07/14/2008 14:20:58.390","48796","0","358","794718000","2252918.1947467667","0","0","0","0","0","0","1995","0","362","977468.50734032108","445","55904274.071302243","18.359380000000002"
"07/14/2008 14:20:59.406","48817","6","255","796722000","1972891.3934648642","0","0","0","0","0","0","1995","0","362","827673.22548869986","445","41404855.089763589","15.769225846153844"
"07/14/2008 14:21:00.421","48979","50","312","798431000","1682814.7226462758","0","0","0","0","0","0","1995","0","362","741302.04058095627","445","45946683.038210995","15.769235692307692"
"07/14/2008 14:21:01.421","49103","65","297","800724000","2292911.0848857057","0","0","0","0","0","0","1995","0","362","982752.89054771373","445","32504595.528172057","19.140619999999998"
"07/14/2008 14:21:02.421","49294","77","285","804048000","3323898.3149118647","0","0","0","0","0","0","1995","0","362","1405690.9969357145","445","0","32.03125"
"07/14/2008 14:21:03.421","49426","7","355","805057000","1008956.1639250187","0","0","0","0","0","0","1995","0","362","465962.75533624581","445","68875343.575915292","14.0625"
"07/14/2008 14:21:04.421","49452","47","315","806082000","1024964.3547477184","0","0","0","0","0","0","1995","0","362","429068.07827142952","445","16137678.778891532","14.0625"
"07/14/2008 14:21:05.421","49713","17","345","809847000","3764502.2166829244","0","0","0","0","0","0","1995","0","362","1613029.7077153283","445","6814842.8675546721","33.203130000000002"
"07/14/2008 14:21:06.421","49832","2","356","811651000","1804088.888603545","0","0","0","0","0","0","1995","0","362","786117.7325191719","445","70651289.033811882","15.625"
"07/14/2008 14:21:07.421","49839","0","282","812974000","1322971.3696037275","0","0","0","0","0","0","1995","0","362","549605.10600717459","445","30539115.10363647","11.328119999999997"
"07/14/2008 14:21:08.421","49953","130","231","815681000","2706868.0722828386","0","0","0","0","0","0","1995","0","361","1149772.9622035108","445","29956683.96691972","23.828130000000002"
"07/14/2008 14:21:09.421","50192","36","325","818069000","2387903.1389048132","0","0","0","0","0","0","1995","0","361","1054551.2239824885","445","62912008.084930986","23.046869999999998"
"07/14/2008 14:21:10.421","50326","93","267","821182000","3112902.330019142","0","0","0","0","0","0","1995","0","360","1316789.6845941013","445","0","26.171880000000002"
"07/14/2008 14:21:11.421","50518","51","309","823619000","2436906.4513768223","0","0","0","0","0","0","1995","0","360","1055734.4721798787","445","35125947.575635307","19.921869999999998"
"07/14/2008 14:21:12.421","50714","1","359","826032000","2412735.2659321213","0","0","0","0","0","0","1995","0","360","1056221.107587625","445","71098758.786207363","19.140630000000002"
"07/14/2008 14:21:13.421","50798","11","349","827577000","1544898.2870993114","0","0","0","0","0","0","1995","0","360","661472.45002510562","445","30607392.872701593","12.890619999999997"
"07/14/2008 14:21:14.421","50859","22","231","830479000","2902136.9501308003","0","0","0","0","0","0","1995","0","360","1215557.3614348681","445","22021135.164378852","24.21875"
"07/14/2008 14:21:15.421","51058","44","316","832363000","1883958.8619175274","0","0","0","0","0","0","1995","0","360","836137.7421154523","445","68155951.748201787","18.359380000000002"
"07/14/2008 14:21:16.421","51134","139","221","835127000","2763885.9911279767","0","0","0","0","0","0","1995","0","360","1159852.1566965773","445","19922122.222730525","23.828119999999998"
"07/14/2008 14:21:17.421","51403","21","340","837591000","2463926.9885961534","0","0","0","0","0","0","1995","0","361","1074477.1609535161","446","0","33.203130000000002"
"07/14/2008 14:21:18.421","51404","9","245","839192000","1600933.8722518361","0","0","0","0","0","0","1995","0","361","677627.01011918683","446","68220158.116317347","15.625"
"07/14/2008 14:21:19.421","51544","120","241","841569000","2376842.0429943902","0","0","0","0","0","0","1995","0","361","1021702.1010813538","446","39454146.008866504","19.921869999999998"
"07/14/2008 14:21:20.421","51741","16","345","843063000","1493966.6998985107","0","0","0","0","0","0","1995","0","361","675363.94632580737","446","51379078.774649434","13.28125"
"07/14/2008 14:21:21.421","51881","92","269","846621000","3557918.9471721449","0","0","0","0","0","0","1995","0","361","1498533.8619521828","446","32767.25353033638","30.859380000000002"
"07/14/2008 14:21:22.421","52130","4","357","849269000","2647891.7985640345","0","0","0","0","0","0","1995","0","361","1168441.2537055477","446","69006588.167280689","22.265619999999998"
"07/14/2008 14:21:23.421","52175","41","320","850556000","1286948.6417390581","0","0","0","0","0","0","1995","0","361","546149.2048230482","446","33225426.072883084","10.9375"
"07/14/2008 14:21:24.421","52367","66","288","854213000","3656793.9239543658","0","0","0","0","0","0","1995","0","363","1555505.3405922735","448","11922784.099900801","31.640630000000002"
"07/14/2008 14:21:25.421","52481","48","315","855645000","1431981.7102422279","0","0","0","0","0","0","1995","0","363","629798.95599338459","448","69864579.665810391","14.0625"
"07/14/2008 14:21:26.421","52541","83","280","857175000","1529907.7477159661","0","0","0","0","0","0","1995","0","363","649208.85319548729","448","25692658.752042849","14.0625"
"07/14/2008 14:21:27.421","52648","70","294","858681000","1505976.6538887494","0","0","0","0","0","0","1995","0","364","574193.09868275409","457","28311113.11245507","25"
"07/14/2008 14:21:28.421","52836","62","301","861591000","2909886.4285523365","0","0","0","0","0","0","1995","0","363","1246520.3489189202","461","14568903.382808683","24.609369999999998"
"07/14/2008 14:21:29.421","53068","42","321","865042000","3450866.2849164805","0","0","0","0","0","0","1995","0","363","1484825.4655884204","461","33762019.780288786","28.90625"
"07/14/2008 14:21:30.421","53271","0","363","867677000","2634904.3245262895","0","0","0","0","0","0","1995","0","363","1152837.1395656713","461","70645242.814991653","21.484380000000002"
"07/14/2008 14:21:31.421","53316","0","347","868667000","989948.58518804191","0","0","0","0","0","0","1995","0","363","428500.7450207427","461","43644709.231248908","9.7656199999999966"
"07/14/2008 14:21:32.421","53339","191","172","871906000","3238937.7767344271","0","0","0","0","0","0","1995","0","363","1347521.112758613","461","17825449.555112794","25.78125"
"07/14/2008 14:21:33.421","53637","54","309","874551000","2644809.7645175941","0","0","0","0","0","0","1995","0","363","1180776.0693149378","461","68742319.512691453","23.828130000000002"
"07/14/2008 14:21:34.421","53711","117","246","876822000","2270966.0551592009","0","0","0","0","0","0","1995","0","363","956110.70871382265","461","9375603.8599130549","18.359369999999998"
"07/14/2008 14:21:35.421","54003","57","306","880607000","3784886.0148513694","0","0","0","0","0","0","1995","0","363","1632596.8329202191","461","19398071.810122222","33.203130000000002"
"07/14/2008 14:21:36.421","54216","1","362","883195000","2587909.951563953","0","0","0","0","0","0","1995","0","363","1136354.4596203892","461","70186613.799567074","22.265619999999998"
"07/14/2008 14:21:37.500","54234","10","353","883622000","393370.34618742962","0","0","0","0","0","0","1995","0","363","178919.94181531109","461","57053919.115488812","3.9855118840579684"
"07/14/2008 14:21:38.515","54416","4","309","887290000","3637665.4414516995","0","0","0","0","0","0","1995","0","363","1548196.5606075076","461","4679568.9887433089","30.384610461538465"
"07/14/2008 14:21:39.531","54498","46","317","888523000","1213991.4083859618","0","0","0","0","0","0","1995","0","363","531339.32640564453","461","52072209.033711098","12.307692307692308"
"07/14/2008 14:21:40.546","54555","78","285","890000000","1454218.6212727313","0","0","0","0","0","0","1995","0","363","616150.55913902447","461","31121294.57757711","11.923081846153849"
"07/14/2008 14:21:41.546","54700","131","232","893273000","3272870.3836797467","0","0","0","0","0","0","1995","0","363","1383411.2124130414","461","0","27.734369999999998"
"07/14/2008 14:21:42.546","54888","25","338","894621000","1347950.2966390413","0","0","0","0","0","0","1995","0","363","612942.39879773732","461","79295636.109086663","22.65625"
"07/14/2008 14:21:43.546","54970","93","270","896994000","2372895.1252786345","0","0","0","0","0","0","1995","0","363","1000087.7991720064","461","7732906.2291490724","19.53125"
"07/14/2008 14:21:44.546","55190","49","314","899887000","2892913.5499753263","0","0","0","0","0","0","1995","0","363","1254784.5028023294","461","21499261.52947415","25.78125"
"07/14/2008 14:21:45.546","55344","17","346","901885000","1997911.3912400189","0","0","0","0","0","0","1995","0","363","874579.21180358494","461","57669122.334308892","17.1875"
"07/14/2008 14:21:46.546","55479","2","322","904462000","2576293.6374196573","0","0","0","0","0","0","1995","0","363","1103264.5093388821","461","40359110.426973902","21.484380000000002"
"07/14/2008 14:21:47.546","55540","60","303","905780000","1318240.0237910345","0","0","0","0","0","0","1995","0","363","573654.45041376923","461","51389580.962176539","12.5"
"07/14/2008 14:21:48.546","55652","110","253","908468000","2687922.1553875352","0","0","0","0","0","0","1995","0","363","1147226.7752938629","461","29359277.729246248","23.4375"
"07/14/2008 14:21:49.546","55882","86","277","911802000","3333919.411840369","0","0","0","0","0","0","1995","0","363","1431497.397561688","461","61438.514896062472","32.421869999999998"
"07/14/2008 14:21:50.546","56023","3","341","913072000","1269952.4869090565","0","0","0","0","0","0","1995","0","365","526697.2945254154","470","60770078.391899668","17.578130000000002"
"07/14/2008 14:21:51.546","56058","48","315","914024000","951967.21465894394","0","0","0","0","0","0","1995","0","363","404943.05393554829","470","45656539.60843078","8.59375"
"07/14/2008 14:21:52.546","56136","136","227","916722000","2697888.4808012755","0","0","0","0","0","0","1995","0","363","1136440.0244182355","470","20446386.833606828","22.265619999999998"
"07/14/2008 14:21:53.546","56384","116","247","920450000","3727636.9373601303","0","0","0","0","0","0","1995","0","363","1603994.7748667356","470","0","33.203130000000002"
"07/14/2008 14:21:54.546","56592","5","358","922062000","1612018.9873313054","0","0","0","0","0","0","1995","0","363","729997.59835173225","470","68031265.313249886","12.890619999999997"
"07/14/2008 14:21:56.281","56714","12","351","924185000","1221602.1903790005","0","0","0","0","0","0","1995","0","363","529782.91883275821","470","44121025.78612975","9.0090090090090058"
"07/14/2008 14:21:57.281","56786","0","363","925149000","967303.23517383973","0","0","0","0","0","0","1995","0","363","417876.00102169125","470","6839098.7772994675","7.4218800000000034"
"07/14/2008 14:21:58.296","56817","11","281","927010000","1832268.4882692778","0","0","0","0","0","0","1995","0","363","772701.3919540667","470","18582971.371519633","15.769225846153844"
"07/14/2008 14:21:59.296","56936","108","255","929407000","2396958.8417349672","0","0","0","0","0","0","1995","0","363","1033674.2507428877","470","39386459.693707816","20.3125"
"07/14/2008 14:22:00.296","57137","79","284","932188000","2780902.3185509508","0","0","0","0","0","0","1995","0","363","1208954.5344916016","470","52426958.460569613","26.5625"
"07/14/2008 14:22:01.296","57319","5","358","933997000","1808931.2094671496","0","0","0","0","0","0","1995","0","363","803948.4272284077","470","47708393.732100204","18.359380000000002"
"07/14/2008 14:22:02.296","57425","13","350","935824000","1826877.4134906926","0","0","0","0","0","0","1995","0","363","770482.29935776535","470","0","27.734369999999998"
"07/14/2008 14:22:03.296","57496","6","357","936781000","956975.72302558867","0","0","0","0","0","0","1995","0","363","392082.05349273683","479","46070639.260079518","12.890630000000003"
"07/14/2008 14:22:04.296","57674","2","361","939606000","2824912.4994290876","0","0","0","0","0","0","1995","0","363","1211622.4704630966","479","98300.955165974156","23.4375"
"07/14/2008 14:22:05.296","57694","3","269","941386000","1779929.2019760553","0","0","0","0","0","0","1995","0","363","756297.91768098087","479","46659776.072281107","14.453119999999997"
"07/14/2008 14:22:06.296","57831","83","280","943483000","2096948.6752015487","0","0","0","0","0","0","1995","0","363","910485.71500258066","479","40893463.09388528","20.3125"
"07/14/2008 14:22:07.296","58001","16","347","945168000","1684942.8242861328","0","0","0","0","0","0","1995","0","363","748237.6098093855","479","44562967.830292508","17.1875"
"07/14/2008 14:22:08.296","58119","47","316","947600000","2431905.3392679282","0","0","0","0","0","0","1995","0","363","1044536.3419311162","479","30931787.995202348","20.703130000000002"
"07/14/2008 14:22:09.296","58318","70","293","951251000","3650702.106431785","0","0","0","0","0","0","1995","0","363","1562517.5001657344","479","36860.992180635803","30.859369999999998"
"07/14/2008 14:22:10.296","58515","3","360","953382000","2130979.103347376","0","0","0","0","0","0","1995","0","363","946057.72283741995","479","59768245.904964782","19.921880000000002"
"07/14/2008 14:22:11.296","58536","35","328","954256000","873979.83425987093","0","0","0","0","0","0","1995","0","363","376766.30669709708","479","44039175.863767609","10.546869999999997"
"07/14/2008 14:22:12.296","58703","55","278","957846000","3589482.1384246009","0","0","0","0","0","0","1995","0","363","1532553.8954662306","479","5766336.0794690615","28.90625"
"07/14/2008 14:22:13.296","58847","65","298","959860000","2014135.8769431366","0","0","0","0","0","0","1995","0","363","881936.49689721072","479","60297187.748181611","19.53125"
"07/14/2008 14:22:14.531","58937","2","250","962112000","1814879.7611201629","0","0","0","0","0","0","1995","0","363","774299.26973630709","479","34650109.912855826","14.556962025316455"
"07/14/2008 14:22:15.546","59104","103","260","964695000","2559378.6159061631","0","0","0","0","0","0","1995","0","363","1106101.4102679864","479","45195927.267723694","23.076923076923073"
"07/14/2008 14:22:16.546","59231","145","218","967457000","2761895.9123488991","0","0","0","0","0","0","1995","0","363","1177928.6073705177","479","0","21.484380000000002"
"07/14/2008 14:22:17.546","59532","23","341","970410000","2952897.7055199174","0","0","0","0","0","0","1995","0","364","1302620.8745204229","480","79689015.407791138","37.5"
"07/14/2008 14:22:18.546","59609","50","314","972062000","1651935.1540960998","0","0","0","0","0","0","1995","0","364","708810.17600434087","480","32676605.295892913","19.140619999999998"
"07/14/2008 14:22:19.546","59861","20","330","975919000","3856735.4794618087","0","0","0","0","0","0","1995","0","364","1670482.4272186828","480","19823280.387751557","33.203130000000002"
"07/14/2008 14:22:20.546","59912","68","296","977327000","1407988.1096890424","0","0","0","0","0","0","1995","0","364","610529.84413991449","480","79560032.123927161","12.109369999999997"
"07/14/2008 14:22:21.546","59994","162","202","980182000","2854823.6918611717","0","0","0","0","0","0","1995","0","364","1209329.3142667841","480","21625544.450101066","22.65625"
"07/14/2008 14:22:22.546","60275","31","333","982674000","2491951.4168994767","0","0","0","0","0","0","1995","0","364","1085583.8354507049","484","0","31.25"
"07/14/2008 14:22:23.546","60298","13","308","983376000","701976.45863625605","0","0","0","0","0","0","1995","0","366","284223.46832985611","489","73438817.168253139","7.8125"
"07/14/2008 14:22:24.546","60374","61","303","984655000","1278953.1141649075","0","0","0","0","0","0","1995","0","364","543996.05735382042","491","25652307.598158471","12.109380000000003"
"07/14/2008 14:22:25.546","60535","108","256","988071000","3415880.3474769345","0","0","0","0","0","0","1995","0","364","1454864.0385683267","491","0","29.6875"
"07/14/2008 14:22:26.546","60754","5","359","989973000","1901919.0077914558","0","0","0","0","0","0","1995","0","364","855235.58024806203","491","78705384.373101816","17.578119999999998"
"07/14/2008 14:22:27.546","60806","61","303","991765000","1791939.3346521424","0","0","0","0","0","0","1995","0","364","757867.34272182814","491","20905276.260718938","16.796880000000002"
"07/14/2008 14:22:28.546","60995","25","339","994273000","2507680.5662385924","0","0","0","0","0","0","1995","0","364","1071339.5304589563","494","13687088.509132762","26.5625"
"07/14/2008 14:22:29.546","61128","4","339","996454000","2181104.1518741138","0","0","0","0","0","0","1995","0","364","948986.31590260135","494","49314098.842069432","19.140619999999998"
"07/14/2008 14:22:30.546","61169","120","244","998632000","2177910.4236639785","0","0","0","0","0","0","1995","0","364","923868.00178406422","494","45611180.035614684","17.578130000000002"
"07/14/2008 14:22:31.546","61351","49","315","1000480000","1847937.8061206362","0","0","0","0","0","0","1995","0","364","820615.38150879717","494","47708602.327423826","17.578119999999998"
"07/14/2008 14:22:32.546","61492","121","243","1003957000","3476867.806792316","0","0","0","0","0","0","1995","0","364","1478567.7837073572","494","0","30.859380000000002"
"07/14/2008 14:22:33.546","61728","77","287","1007113000","3155877.7743816185","0","0","0","0","0","0","1995","0","364","1372223.8544344374","494","63698524.986964919","27.734369999999998"
"07/14/2008 14:22:34.546","61833","57","307","1008485000","1371954.823807298","0","0","0","0","0","0","1995","0","364","604200.10469449393","494","34868099.851408876","12.5"
"07/14/2008 14:22:35.546","62001","32","332","1010864000","2378703.6142611052","0","0","0","0","0","0","1995","0","364","1035713.9503602631","494","27783802.146795921","21.875"
"07/14/2008 14:22:36.546","62164","1","361","1013037000","2172918.5817584698","0","0","0","0","0","0","1995","0","364","948171.47245902137","494","44038541.896461435","20.703130000000002"
"07/14/2008 14:22:37.546","62168","1","265","1014680000","1643065.6745679125","0","0","0","0","0","0","1995","0","365","692580.68296958704","495","43517643.432862155","14.84375"
"07/14/2008 14:22:38.546","62311","79","286","1016682000","2001937.8406070415","0","0","0","0","0","0","1995","0","365","872220.91787902638","495","37747563.952789858","19.140619999999998"
"07/14/2008 14:22:39.546","62461","138","227","1020086000","3403861.6347541125","0","0","0","0","0","0","1995","0","365","1451378.0022216819","495","73725.003116084379","29.296880000000002"
"07/14/2008 14:22:40.546","62689","7","358","1021662000","1575938.8346385476","0","0","0","0","0","0","1995","0","365","721501.99705377617","495","77591612.513182923","15.234369999999997"
"07/14/2008 14:22:41.546","62708","90","275","1023331000","1668939.9001392694","0","0","0","0","0","0","1995","0","365","700027.79143930261","495","21495033.946634457","15.234380000000003"
"07/14/2008 14:22:42.546","62898","4","361","1025014000","1682890.4136497055","0","0","0","0","0","0","1995","0","365","727872.6024384395","495","4718284.7550351704","30.078119999999998"
"07/14/2008 14:22:43.546","62938","5","360","1025662000","647961.46297370247","0","0","0","0","0","0","1995","0","365","273676.72328034189","495","49804397.920459673","23.4375"
"07/14/2008 14:22:44.546","63024","27","338","1027426000","1764020.241879252","0","0","0","0","0","0","1995","0","365","748693.59115156904","495","10489976.37097422","26.953130000000002"
"07/14/2008 14:22:45.546","63190","57","282","1031088000","3661785.0330194924","0","0","0","0","0","0","1995","0","365","1566975.0099231994","495","22543060.597991291","31.25"
"07/14/2008 14:22:46.546","63316","23","343","1032155000","1066981.4347551006","0","0","0","0","0","0","1995","0","366","486945.52725373505","496","76544716.138587445","10.546869999999997"
"07/14/2008 14:22:47.546","63347","146","220","1034682000","2526901.6415830818","0","0","0","0","0","0","1995","0","366","1057799.8256564657","496","262133.79656951141","21.484380000000002"
"07/14/2008 14:22:48.546","63635","93","273","1038550000","3867854.8267185637","0","0","0","0","0","0","1995","0","366","1676412.0787546546","496","8126158.9985922044","34.375"
"07/14/2008 14:22:49.546","63808","6","360","1039921000","1370900.581818908","0","0","0","0","0","0","1995","0","366","626364.57582580752","496","74312434.836699635","12.890619999999997"
"07/14/2008 14:22:50.546","63829","27","339","1040597000","675990.25572226732","0","0","0","0","0","0","1995","0","366","296189.73047840421","496","46366051.641720064","7.8125"
"07/14/2008 14:22:51.546","64066","13","353","1044267000","3669897.8588446081","0","0","0","0","0","0","1995","0","366","1581756.9762992533","496","5767007.4917703383","31.25"
"07/14/2008 14:22:52.546","64152","17","323","1046196000","1928906.0465720219","0","0","0","0","0","0","1995","0","366","835140.32186732395","496","61862970.769687906","18.75"
"07/14/2008 14:22:53.546","64221","122","244","1048643000","2446929.465081194","0","0","0","0","0","0","1995","0","366","1041715.9716103283","496","40893285.214671902","22.265630000000002"
"07/14/2008 14:22:54.546","64390","69","297","1050507000","1863940.1682684952","0","0","0","0","0","0","1995","0","366","823194.57578442001","496","44042874.241408832","14.84375"
"07/14/2008 14:22:55.546","64562","107","259","1053951000","3443859.1307031247","0","0","0","0","0","0","1995","0","366","1474694.6783682017","496","0","30.078119999999998"
"07/14/2008 14:22:56.546","64771","6","360","1055728000","1776875.7979342502","0","0","0","0","0","0","1995","0","366","803686.82299328537","496","83028308.393788353","16.40625"
"07/14/2008 14:22:57.546","64839","30","336","1057255000","1526989.8303748502","0","0","0","0","0","0","1995","0","366","649648.67339391785","496","17104782.083575279","16.796880000000002"
"07/14/2008 14:22:58.546","64902","5","361","1057917000","661975.92837372993","0","0","0","0","0","0","1995","0","366","286046.59840302728","496","17825143.819028713","28.125"
"07/14/2008 14:22:59.546","64966","41","325","1059556000","1638931.5529279448","0","0","0","0","0","0","1995","0","366","692655.07248831028","496","16334165.832508806","26.953119999999998"
"07/14/2008 14:23:00.546","65174","5","308","1063204000","3647814.333131047","0","0","0","0","0","0","1995","0","366","1569461.1173894838","496","16776362.114812372","31.25"
"07/14/2008 14:23:01.546","65261","123","243","1065631000","2426963.6597071541","0","0","0","0","0","0","1995","0","366","1042356.3922110695","496","76807041.924931914","21.875"
"07/14/2008 14:23:02.546","65409","128","238","1068133000","2501906.8176453561","0","0","0","0","0","0","1995","0","366","1084224.6185588497","496","39582269.776789948","21.484380000000002"
"07/14/2008 14:23:03.546","65610","71","292","1070369000","2235629.9184493194","0","0","0","0","0","0","1995","0","363","887403.10112687538","505","0","26.953119999999998"
"07/14/2008 14:23:04.546","65724","5","353","1071179000","810042.72415688029","0","0","0","0","0","0","1995","0","358","373259.68686952343","506","52943592.408696994","10.546880000000003"
"07/14/2008 14:23:05.546","65745","1","351","1071549000","369998.52788675862","0","0","0","0","0","0","1995","0","352","157933.37163045225","506","4648941.5032552034","3.5156199999999971"
"07/14/2008 14:23:06.546","65784","8","324","1072589000","1039944.5222530711","0","0","0","0","0","0","1995","0","367","484647.14560957951","530","30013886.854185373","11.71875"
"07/14/2008 14:23:07.546","65855","135","232","1075215000","2625946.1851880527","0","0","0","0","0","0","1995","0","367","1113826.1738101779","530","27786694.553546574","21.09375"
"07/14/2008 14:23:08.546","66108","57","310","1078074000","2858898.6247219583","0","0","0","0","0","0","1995","0","367","1258984.3569727396","530","66057945.614528328","26.953130000000002"
"07/14/2008 14:23:09.546","66298","83","284","1081626000","3551844.5643451982","0","0","0","0","0","0","1995","0","367","1523845.3135530462","530","40958.207588845529","29.6875"
"07/14/2008 14:23:10.546","66488","4","363","1083472000","1845856.4403098512","0","0","0","0","0","0","1995","0","367","825518.79607818404","530","79751109.434995756","16.40625"
"07/14/2008 14:23:11.546","66583","35","332","1085519000","2046972.6425526002","0","0","0","0","0","0","1995","0","367","877505.27228863223","530","19857142.612606324","17.578119999999998"
"07/14/2008 14:23:12.546","66749","4","320","1088435000","2915901.7863657516","0","0","0","0","0","0","1995","0","367","1257791.6349628184","530","25164976.391277812","25"
"07/14/2008 14:23:13.546","66821","56","311","1089756000","1320968.3367847574","0","0","0","0","0","0","1995","0","367","577883.14831408102","530","62388776.559718862","10.9375"
"07/14/2008 14:23:14.546","66931","128","239","1092769000","3012882.6572194928","0","0","0","0","0","0","1995","0","367","1288189.8288537802","530","28838812.814377733","25"
"07/14/2008 14:23:15.546","67181","106","261","1096479000","3709870.7172588757","0","0","0","0","0","0","1995","0","367","1598875.2818914964","530","0","32.8125"
"07/14/2008 14:23:16.546","67427","5","362","1098835000","2355909.7285573692","0","0","0","0","0","0","1995","0","367","1055453.558163808","530","81785794.212002635","19.140630000000002"
"07/14/2008 14:23:17.546","67445","23","344","1099456000","620971.01110692136","0","0","0","0","0","0","1995","0","367","273561.22929559567","530","48232244.366107494","6.25"
"07/14/2008 14:23:18.546","67678","12","355","1103114000","3657559.4524707943","0","0","0","0","0","0","1995","0","367","1578634.8558084203","530","4718023.7211462744","31.25"
"07/14/2008 14:23:19.546","67745","3","364","1104074000","960040.12317535828","0","0","0","0","0","0","1995","0","367","424041.72207219596","530","60893680.943466142","13.28125"
"07/14/2008 14:23:20.546","67777","11","269","1106142000","2067929.8437720905","0","0","0","0","0","0","1995","0","367","867045.58476242039","533","17825187.265799701","20.703119999999998"
"07/14/2008 14:23:21.546","67929","125","242","1109027000","2884913.4969500825","0","0","0","0","0","0","1995","0","367","1242269.7510071285","533","47725160.978935815","26.171880000000002"
"07/14/2008 14:23:22.546","68158","99","261","1112349000","3321879.0186784063","0","0","0","0","0","0","1995","0","360","1436637.6783097771","534","0","28.125"
"07/14/2008 14:23:23.546","68239","24","260","1113671000","1321934.4411332959","0","0","0","0","0","0","1995","0","360","583337.07048877934","534","79818889.531428158","12.5"
"07/14/2008 14:23:24.546","68359","144","216","1116354000","2682660.9527802472","0","0","0","0","0","0","1995","0","360","1150327.6162236114","534","32899010.069462743","23.4375"
"07/14/2008 14:23:25.546","68619","110","251","1120057000","3703222.9682678161","0","0","0","0","0","0","1995","0","361","1602874.5078677703","535","258063.53781138896","32.421869999999998"
"07/14/2008 14:23:26.546","68821","6","355","1121676000","1618935.5449106377","0","0","0","0","0","0","1995","0","361","736111.69299942045","535","79627165.783555999","16.40625"
"07/14/2008 14:23:27.546","68839","50","311","1122689000","1012971.0243260451","0","0","0","0","0","0","1995","0","361","431980.64334815514","535","41220964.889038235","8.59375"
"07/14/2008 14:23:28.546","69082","25","336","1126274000","3584831.7614673758","0","0","0","0","0","0","1995","0","361","1550715.223905849","535","4718370.563739433","30.46875"
"07/14/2008 14:23:29.546","69214","1","360","1128008000","1733922.2800726977","0","0","0","0","0","0","1995","0","361","763297.78655850783","535","64046281.241385691","16.796880000000002"
"07/14/2008 14:23:30.546","69231","6","213","1130671000","2662884.9947632477","0","0","0","0","0","0","1995","0","361","1121708.5554151845","535","34601513.622558251","22.265619999999998"
"07/14/2008 14:23:31.546","69462","36","325","1132651000","1979876.241957936","0","0","0","0","0","0","1995","0","361","888654.45201537234","535","65007648.503945276","17.96875"
"07/14/2008 14:23:32.546","69600","113","248","1136179000","3527978.2502859589","0","0","0","0","0","0","1995","0","361","1499778.7539795572","535","0","30.078130000000002"
"07/14/2008 14:23:33.546","69815","71","290","1139042000","2862859.5355526935","0","0","0","0","0","0","1995","0","361","1239900.165058838","535","36174097.140109569","30.46875"
"07/14/2008 14:23:34.546","70008","3","358","1141082000","2039938.4277781332","0","0","0","0","0","0","1995","0","361","912580.45524399343","535","81196653.211153492","19.140619999999998"
"07/14/2008 14:23:35.546","70103","19","342","1142860000","1777953.7893362062","0","0","0","0","0","0","1995","0","361","766494.07810981595","535","25759074.497823734","15.625"
"07/14/2008 14:23:36.546","70208","36","257","1145981000","3120754.7117457599","0","0","0","0","0","0","1995","0","361","1331036.3818481136","535","24639599.351699062","26.5625"
"07/14/2008 14:23:37.546","70370","23","338","1147299000","1318009.3659869821","0","0","0","0","0","0","1995","0","361","594680.22589353158","535","70255091.244001597","14.453130000000003"
"07/14/2008 14:23:38.546","70449","145","216","1150604000","3304641.8886965183","0","0","0","0","0","0","1995","0","361","1397348.574721145","535","0","27.34375"
"07/14/2008 14:23:39.546","70733","86","275","1154305000","3701092.1005256651","0","0","0","0","0","0","1995","0","361","1610427.0749768235","535","20447740.835670248","33.59375"
"07/14/2008 14:23:40.546","70948","4","357","1156469000","2163925.9540843326","0","0","0","0","0","0","1995","0","361","968595.85627483961","535","82441466.991313994","19.921869999999998"
"07/14/2008 14:23:41.546","70965","34","327","1157247000","777978.1313080875","0","0","0","0","0","0","1995","0","361","336536.54007610749","535","48745125.7916416","5.46875"
"07/14/2008 14:23:42.546","71164","6","355","1159992000","2744856.0203771964","0","0","0","0","0","0","1995","0","361","1182712.9615670813","535","4194084.0020736451","30.859380000000002"
"07/14/2008 14:23:43.546","71190","8","298","1161242000","1249956.7457874897","0","0","0","0","0","0","1995","0","361","452405.34470873751","544","52529382.243449427","12.5"
"07/14/2008 14:23:44.546","71291","130","231","1163997000","2754871.8897277364","0","0","0","0","0","0","1995","0","361","1177292.2521797754","544","32926212.826769918","23.4375"
"07/14/2008 14:23:45.546","71518","97","264","1167151000","3153830.6059332928","0","0","0","0","0","0","1995","0","361","1353934.2794064425","547","4095.780013285595","28.515619999999998"
"07/14/2008 14:23:46.546","71690","8","350","1168537000","1385972.8439340398","0","0","0","0","0","0","1995","0","364","636744.52394293458","550","80673235.328553662","16.015630000000002"
"07/14/2008 14:23:47.546","71740","76","287","1170368000","1830949.6312052554","0","0","0","0","0","0","1995","0","363","774462.69479758118","550","23711091.716020443","16.015619999999998"
"07/14/2008 14:23:48.546","72034","19","344","1174221000","3852840.1765551693","0","0","0","0","0","0","1995","0","363","1677355.4199735415","550","12529144.266269647","33.203130000000002"
"07/14/2008 14:23:49.546","72129","0","363","1175503000","1281932.9204935967","0","0","0","0","0","0","1995","0","363","570120.16740984714","550","81063790.187541604","12.5"
"07/14/2008 14:23:50.546","72146","5","277","1177203000","1699935.3288937202","0","0","0","0","0","0","1995","0","363","714186.82999441144","550","21241047.920984142","15.234369999999997"
"07/14/2008 14:23:51.546","72282","115","248","1179923000","2719949.7665556669","0","0","0","0","0","0","1995","0","363","1168969.4108660573","550","39845152.11904531","23.4375"
"07/14/2008 14:23:52.546","72496","123","240","1183540000","3616744.3445798354","0","0","0","0","0","0","1995","0","363","1559693.7505261281","550","0","31.25"
"07/14/2008 14:23:53.546","72745","6","356","1185705000","2164967.5583666582","0","0","0","0","0","0","1995","0","362","975937.37576122722","550","83163937.803969458","20.3125"
"07/14/2008 14:23:54.546","72762","57","305","1186829000","1123945.6635261027","0","0","0","0","0","0","1995","0","362","474831.04458009248","550","38627508.576440662","10.15625"
"07/14/2008 14:23:55.546","72962","30","332","1189621000","2791933.329465474","0","0","0","0","0","0","1995","0","362","1215226.9807424406","550","4226971.0611927938","24.21875"
"07/14/2008 14:23:56.546","73092","10","352","1191458000","1836924.8270872689","0","0","0","0","0","0","1995","0","362","805639.03064183681","550","52426654.531514972","16.796880000000002"
"07/14/2008 14:23:57.546","73142","11","301","1193104000","1645945.5116549409","0","0","0","0","0","0","1995","0","362","694012.02501909889","550","34077591.875422515","28.90625"
"07/14/2008 14:23:58.546","73225","99","263","1194983000","1878934.1559242241","0","0","0","0","0","0","1995","0","362","766949.12356260652","559","34601795.438488118","17.1875"
"07/14/2008 14:23:59.546","73378","85","277","1197270000","2286866.7859577266","0","0","0","0","0","0","1995","0","362","991064.26875032531","559","6315664.1013756674","17.96875"
"07/14/2008 14:24:00.546","73538","8","354","1198583000","1312955.3485879314","0","0","0","0","0","0","1995","0","362","600763.56903735851","559","75040264.0063214","11.71875"
"07/14/2008 14:24:01.546","73667","72","290","1201756000","3172893.856128959","0","0","0","0","0","0","1995","0","362","1346135.9672667943","559","999390.56705572922","25.78125"
"07/14/2008 14:24:02.546","73855","34","328","1204204000","2447929.5464084125","0","0","0","0","0","0","1995","0","362","1068136.2580875959","559","33553466.301369246","21.09375"
"07/14/2008 14:24:03.546","73977","8","354","1205753000","1548932.4886852065","0","0","0","0","0","0","1995","0","362","682414.25649340684","559","49280924.056173161","13.28125"
"07/14/2008 14:24:04.546","74021","17","233","1208471000","2717869.6458065403","0","0","0","0","0","0","1995","0","362","1149197.8822855423","559","31980034.176783584","22.265619999999998"
"07/14/2008 14:24:05.546","74224","87","275","1211091000","2619934.5876008389","0","0","0","0","0","0","1995","0","362","1146204.3824997987","559","65051047.858264364","23.046880000000002"
"07/14/2008 14:24:06.546","74427","105","257","1214724000","3632724.4431318268","0","0","0","0","0","0","1995","0","362","1563044.4367462911","559","0","29.6875"
"07/14/2008 14:24:07.546","74707","6","357","1217644000","2919975.6367578218","0","0","0","0","0","0","1995","0","363","1293254.2095450698","560","81263961.96229285","26.953119999999998"
"07/14/2008 14:24:08.546","74728","26","338","1218312000","667982.06490574603","0","0","0","0","0","0","1995","0","364","292391.14939577127","561","45280064.245471939","7.03125"
"07/14/2008 14:24:09.546","74903","65","291","1221929000","3616722.4833110082","0","0","0","0","0","0","1995","0","364","1550725.0104805024","561","5717577.2814852307","30.46875"
"07/14/2008 14:24:10.546","75018","82","282","1223987000","2058000.1697828916","0","0","0","0","0","0","1995","0","364","896962.07399844611","561","75878406.259890273","19.140630000000002"
"07/14/2008 14:24:11.546","75146","153","211","1227262000","3274879.9935227181","0","0","0","0","0","0","1995","0","364","1395299.869875395","561","45054.349004018193","26.171869999999998"
"07/14/2008 14:24:12.546","75364","99","265","1229914000","2651870.0964522818","0","0","0","0","0","0","1995","0","364","1160682.14324507","561","45414223.355309218","22.265630000000002"
"07/14/2008 14:24:13.890","75510","17","347","1231005000","806905.24718690582","0","0","0","0","0","0","1995","0","364","372703.69082370441","561","61799918.796097487","8.139534883720934"
"07/14/2008 14:24:14.890","75613","128","236","1234499000","3523063.8832420204","0","0","0","0","0","0","1995","0","364","1490355.8461157938","561","26961106.461956728","28.125"
"07/14/2008 14:24:15.890","75885","12","352","1237094000","2594875.2626617467","0","0","0","0","0","0","1995","0","364","1145102.954157688","561","31390235.051025167","23.828119999999998"
"07/14/2008 14:24:16.890","75912","14","350","1237535000","440988.44073498808","0","0","0","0","0","0","1995","0","364","194267.90781611868","561","47295272.288171545","10.546880000000003"
"07/14/2008 14:24:17.890","76012","50","314","1239763000","2227910.2135558366","0","0","0","0","0","0","1995","0","364","954700.52485641197","561","26213343.582692157","29.6875"
"07/14/2008 14:24:18.906","76251","17","331","1243353000","3534278.2147409413","0","0","0","0","0","0","1995","0","364","1525398.4153966357","561","0","29.230769230769226"
"07/14/2008 14:24:19.921","76304","161","206","1246262000","2864410.5151924272","0","0","0","0","0","0","1995","0","367","1180740.7361251491","570","33169168.740858223","26.923076923076927"
"07/14/2008 14:24:20.921","76539","10","354","1247682000","1419947.2957650523","0","0","0","0","0","0","1995","0","364","648901.91468424804","570","57190325.264636174","16.40625"
"07/14/2008 14:24:21.921","76593","10","312","1249213000","1530917.807963938","0","0","0","0","0","0","1995","0","366","655144.82653286285","572","46487104.196682103","12.890619999999997"
"07/14/2008 14:24:22.921","76664","162","202","1252043000","2829935.9133649049","0","0","0","0","0","0","1995","0","364","1181542.2428334476","579","31522102.151517257","24.609380000000002"
"07/14/2008 14:24:23.921","76889","118","246","1255009000","2965887.8352314909","0","0","0","0","0","0","1995","0","364","1286864.3330078435","579","33880830.685350947","27.734369999999998"
"07/14/2008 14:24:24.921","77040","78","286","1256796000","1786751.4414136494","0","0","0","0","0","0","1995","0","364","790895.97687008686","579","59826045.478497334","15.625"
"07/14/2008 14:24:25.921","77228","63","301","1259663000","2867053.0254828879","0","0","0","0","0","0","1995","0","364","1237930.8952457171","579","40305385.438785709","25.390630000000002"
"07/14/2008 14:24:26.921","77396","3","361","1261446000","1783005.9507079765","0","0","0","0","0","0","1995","0","364","793914.64965702244","579","48435361.650998868","16.40625"
"07/14/2008 14:24:27.921","77529","1","355","1263697000","2250894.8620152203","0","0","0","0","0","0","1995","0","364","966383.86077410355","579","9965102.5358788501","18.359369999999998"
"07/14/2008 14:24:28.921","77542","0","308","1264718000","1020955.0070752497","0","0","0","0","0","0","1995","0","366","422114.39765102486","583","33815085.787796982","18.359380000000002"
"07/14/2008 14:24:29.921","77641","33","331","1265855000","1136978.1916096669","0","0","0","0","0","0","1995","0","364","475516.87910587381","590","30145981.769615058","11.71875"
"07/14/2008 14:24:30.921","77840","54","310","1269449000","3593845.1251802654","0","0","0","0","0","0","1995","0","364","1536709.7763199855","590","32316047.357347168","30.859369999999998"
"07/14/2008 14:24:31.921","78055","10","354","1272215000","2765356.3678940786","0","0","0","0","0","0","1995","0","364","1205720.3705844637","590","54181565.330575719","26.5625"
"07/14/2008 14:24:32.921","78118","24","288","1274349000","2134323.2979161362","0","0","0","0","0","0","1995","0","366","908477.6121973492","592","22023432.012722548","18.75"
"07/14/2008 14:24:33.921","78242","149","218","1277550000","3200901.40546689","0","0","0","0","0","0","1995","0","367","1362068.045423463","593","33516535.619816326","28.125"
"07/14/2008 14:24:34.921","78427","74","293","1279376000","1825929.3579585776","0","0","0","0","0","0","1995","0","367","810119.6578748629","593","57050976.796611495","14.84375"
"07/14/2008 14:24:35.921","78586","80","287","1282114000","2737888.0388905234","0","0","0","0","0","0","1995","0","367","1180600.7214127311","593","41285991.682081625","23.4375"
"07/14/2008 14:24:36.921","78735","7","355","1283337000","1222956.3776912866","0","0","0","0","0","0","1995","0","370","521925.38315429346","602","35834625.794875458","17.96875"
"07/14/2008 14:24:37.921","78762","149","218","1285965000","2627907.5842152294","0","0","0","0","0","0","1995","0","367","1091158.62715864","602","16932268.54188928","21.484380000000002"
"07/14/2008 14:24:38.921","79027","37","330","1288413000","2447787.5224600821","0","0","0","0","0","0","1995","0","367","1062170.7994162641","611","31585610.245374583","22.265619999999998"
"07/14/2008 14:24:39.921","79115","21","346","1289561000","1147958.9667196507","0","0","0","0","0","0","1995","0","367","505127.94442732108","611","42752519.830280788","11.328130000000003"
"07/14/2008 14:24:40.921","79230","42","246","1293112000","3551003.9815134453","0","0","0","0","0","0","1995","0","367","1509072.6920266056","611","17932308.106349133","29.6875"
"07/14/2008 14:24:41.921","79422","109","258","1296030000","2917886.2148020109","0","0","0","0","0","0","1995","0","367","1263950.7112781843","611","33491685.966166563","25.390619999999998"
"07/14/2008 14:24:43.625","79602","59","308","1298109000","1217285.2850430645","0","0","0","0","0","0","1995","0","367","539839.96850765997","611","48847935.904214159","10.779819449541284"
"07/14/2008 14:24:44.640","79858","0","367","1301321000","3177166.5925019709","0","0","0","0","0","0","1995","0","367","1380986.321074097","611","10372044.324095102","26.923076923076927"
"07/14/2008 14:24:46.031","79875","2","365","1301657000","240550.95187238065","0","0","0","0","0","0","1995","0","367","114288.90730655685","611","51423103.902891487","3.3707865168539297"
"07/14/2008 14:24:47.046","80030","51","318","1304978000","3289642.7972126417","0","0","0","0","0","0","1995","0","369","1405979.0674948741","613","40053914.101464853","28.076918153846155"
"07/14/2008 14:24:48.046","80222","20","350","1307469000","2490900.9785829904","0","0","0","0","0","0","1995","0","370","1048713.3102343655","629","454637.92666343966","23.4375"
"07/14/2008 14:24:49.046","80223","2","192","1310034000","2564878.23392792","0","0","0","0","0","0","1995","0","367","1062236.5709491572","629","40929384.901740514","22.65625"
"07/14/2008 14:24:50.046","80472","51","316","1312091000","2056938.8633988404","0","0","0","0","0","0","1995","0","367","921469.61196180899","629","50428453.159036495","21.09375"
"07/14/2008 14:24:51.046","80589","34","333","1313734000","1642941.4216558402","0","0","0","0","0","0","1995","0","367","716894.43944826839","629","53409935.692546725","14.453130000000003"
"07/14/2008 14:24:52.046","80841","6","361","1317415000","3680107.7874201364","0","0","0","0","0","0","1995","0","367","1587821.0455385454","629","4095.0071983898069","32.03125"
"07/14/2008 14:24:53.046","80875","5","210","1320458000","3043459.4463079087","0","0","0","0","0","0","1995","0","367","1279364.1351932744","629","43981295.498304553","25.390619999999998"
"07/14/2008 14:24:54.375","81088","10","357","1321507000","781883.53147940163","0","0","0","0","0","0","1995","0","367","375477.76418812486","629","61011112.85002245","6.7647096470588197"
"07/14/2008 14:24:55.390","81238","51","295","1324985000","3470396.3611822352","0","0","0","0","0","0","1995","0","367","1471712.4777955844","629","5231417.9626552956","28.846148923076921"
"07/14/2008 14:24:56.390","81344","83","284","1326945000","1959918.3018268156","0","0","0","0","0","0","1995","0","367","851335.51252275403","629","67106066.718574859","17.1875"
"07/14/2008 14:24:57.390","81474","102","265","1329363000","2417912.2218164047","0","0","0","0","0","0","1995","0","367","1038589.2957851558","629","34155304.049879976","20.703130000000002"
"07/14/2008 14:24:58.390","81704","32","335","1331966000","2602736.2029696112","0","0","0","0","0","0","1995","0","367","1129396.5314454124","629","0","32.421869999999998"
"07/14/2008 14:24:59.390","81746","13","333","1332630000","664004.83306476532","0","0","0","0","0","0","1995","0","372","281553.04932864121","638","60465592.108427204","9.375"
"07/14/2008 14:25:00.406","81809","75","292","1334276000","1620633.0603187813","0","0","0","0","0","0","1995","0","367","673908.65283512278","638","26157230.264712222","15.769235692307692"
"07/14/2008 14:25:01.421","81918","7","355","1335018000","730545.84546404553","0","0","0","0","0","0","1995","0","367","324652.80151058058","641","21752764.600557711","9.2307692307692317"
"07/14/2008 14:25:02.421","81936","177","190","1338000000","2981952.5204544873","0","0","0","0","0","0","1995","0","367","1241269.2361376358","641","10940241.806177264","25"
"07/14/2008 14:25:03.421","82210","12","355","1339759000","1758867.1632179576","0","0","0","0","0","0","1995","0","367","807891.98472054489","641","71428845.403883323","18.359369999999998"
"07/14/2008 14:25:04.421","82278","108","259","1342419000","2659988.7783126128","0","0","0","0","0","0","1995","0","367","1117919.2838369734","641","393214.34114773397","21.875"
"07/14/2008 14:25:05.421","82538","62","305","1345968000","3548854.1838403558","0","0","0","0","0","0","1995","0","367","1537488.8272956063","641","17825059.599737376","30.46875"
"07/14/2008 14:25:06.421","82704","3","364","1347724000","1755934.6668775461","0","0","0","0","0","0","1995","0","367","784687.8040934779","641","71366048.680935189","15.234380000000003"
"07/14/2008 14:25:07.421","82745","31","336","1348817000","1092954.5555176376","0","0","0","0","0","0","1995","0","367","472458.35542713857","641","40372593.328552797","10.15625"
"07/14/2008 14:25:08.421","82906","56","285","1352301000","3483837.6900308961","0","0","0","0","0","0","1995","0","366","1490201.5723765884","641","11009535.072172586","29.6875"
"07/14/2008 14:25:09.421","83047","46","320","1354035000","1733953.3138905999","0","0","0","0","0","0","1995","0","366","763087.45412712102","641","72022124.828528643","17.578119999999998"
"07/14/2008 14:25:10.421","83106","140","226","1356538000","2502887.9252082543","0","0","0","0","0","0","1995","0","366","1055282.7463483927","641","22346775.351841316","19.921880000000002"
"07/14/2008 14:25:11.421","83383","88","278","1360202000","3663758.9093586029","0","0","0","0","0","0","1995","0","366","1586827.580116339","641","0","33.59375"
"07/14/2008 14:25:12.421","83574","5","361","1362014000","1811990.5687069809","0","0","0","0","0","0","1995","0","366","812271.77217827353","641","68849305.643843576","16.796869999999998"
"07/14/2008 14:25:13.421","83594","21","345","1362610000","595983.99802967755","0","0","0","0","0","0","1995","0","366","265240.87837143609","641","53869145.6315194","5.0781300000000034"
"07/14/2008 14:25:14.421","83831","4","363","1366178000","3567767.0188065195","0","0","0","0","0","0","1995","0","367","1535335.7399910896","642","5426845.6178438179","31.640619999999998"
"07/14/2008 14:25:15.421","83867","6","342","1367117000","938956.38484741771","0","0","0","0","0","0","1995","0","367","404527.20944034448","642","62203062.626104355","14.453130000000003"
"07/14/2008 14:25:16.421","83897","69","298","1368216000","1098987.2738864447","0","0","0","0","0","0","1995","0","367","425095.07746053475","651","17301303.653408024","20.703119999999998"
"07/14/2008 14:25:17.421","84003","66","302","1369844000","1627896.6379949956","0","0","0","0","0","0","1995","0","368","706935.11371603317","652","26777947.755460322","13.671880000000003"
"07/14/2008 14:25:18.421","84141","73","295","1372246000","2401827.9982402134","0","0","0","0","0","0","1995","0","368","1037878.6745451391","652","36173281.528040871","20.3125"
"07/14/2008 14:25:19.421","84326","86","282","1375411000","3165036.8405683171","0","0","0","0","0","0","1995","0","368","1334118.528945565","661","0","27.734369999999998"
"07/14/2008 14:25:20.421","84398","23","279","1376567000","1155956.5177941651","0","0","0","0","0","0","1995","0","370","489363.59220687207","670","54056974.604746461","12.109380000000003"
"07/14/2008 14:25:21.421","84515","9","360","1377162000","594983.15474999673","0","0","0","0","0","0","1995","0","369","277717.13723183674","671","42933056.473032691","6.25"
"07/14/2008 14:25:22.421","84539","23","345","1377719000","556980.16200705466","0","0","0","0","0","0","1995","0","368","212686.42473595776","680","4255592.4283313295","14.453119999999997"
"07/14/2008 14:25:23.421","84570","1","367","1377820000","100995.74081036056","0","0","0","0","0","0","1995","0","368","49855.897478445113","680","258037.11806566257","25.78125"
"07/14/2008 14:25:24.421","84576","2","366","1377912000","91994.439350628527","0","0","0","0","0","0","1995","0","368","40737.537599397889","680","10694009.595302559","25.390630000000002"
"07/14/2008 14:25:25.421","84580","1","367","1377937000","24999.622104186063","0","0","0","0","0","0","1995","0","368","12009.818458850985","680","0","25.390619999999998"
"07/14/2008 14:25:26.421","84607","6","363","1378435000","497980.90018132131","0","0","0","0","0","0","1995","0","369","157216.97001848972","686","159737.87333045178","7.4218800000000034"
"07/14/2008 14:25:27.421","84614","5","364","1378589000","153993.81761048734","0","0","0","0","0","0","1995","0","369","43908.237216081165","686","9846388.6970510706","1.9531199999999971"
"07/14/2008 14:25:28.421","84624","30","339","1379138000","548979.10062688135","0","0","0","0","0","0","1995","0","369","139621.68466890629","687","0","9.375"
"07/14/2008 14:25:29.421","84665","9","360","1379464000","325986.89304583479","0","0","0","0","0","0","1995","0","369","82947.664923451041","687","8191.6706375198728","10.15625"
"07/14/2008 14:25:30.421","84683","7","362","1379736000","271990.77962782531","0","0","0","0","0","0","1995","0","369","79489.305346231937","687","17816996.011385072","10.546880000000003"
"07/14/2008 14:25:31.421","84697","15","354","1380109000","372949.60767891438","0","0","0","0","0","0","1995","0","369","60364.843604287133","687","0","11.71875"
"07/14/2008 14:25:32.421","84763","23","346","1381312000","1203067.8341319009","0","0","0","0","0","0","1995","0","369","384043.65403075714","687","20976798.76201367","16.015619999999998"
"07/14/2008 14:25:33.421","84884","41","329","1383260000","1947917.0343807836","0","0","0","0","0","0","1995","0","370","824620.87777429121","712","1220556.0141177922","20.3125"
"07/14/2008 14:25:34.421","85019","23","347","1385062000","1801939.7799253061","0","0","0","0","0","0","1995","0","370","776437.05179808149","730","30919670.677522492","18.359380000000002"
"07/14/2008 14:25:35.421","85097","15","264","1387346000","2283897.7140645776","0","0","0","0","0","0","1995","0","364","948157.53611034702","758","34494967.119089872","23.046869999999998"
"07/14/2008 14:25:36.421","85253","0","367","1388185000","838969.95791004586","0","0","0","0","0","0","1995","0","367","388483.08908007044","768","50407666.987017445","11.71875"
"07/14/2008 14:25:37.421","85272","5","190","1391374000","3188864.7539641983","0","0","0","0","0","0","1995","0","367","1337607.2694408169","768","7794357.4259478478","25.390630000000002"
"07/14/2008 14:25:38.421","85556","45","322","1393901000","2526839.2097553145","0","0","0","0","0","0","1995","0","367","1126778.2997676202","768","70774376.417319447","24.609369999999998"
"07/14/2008 14:25:39.421","85624","91","276","1395733000","1831941.4770711248","0","0","0","0","0","0","1995","0","367","768722.44250763976","771","8388340.0273420606","16.015630000000002"
"07/14/2008 14:25:40.421","85835","77","290","1398971000","3237961.0113893296","0","0","0","0","0","0","1995","0","367","1397708.1700568718","771","17825577.360449605","26.953119999999998"
"07/14/2008 14:25:41.421","86054","4","363","1401341000","2369887.5798631818","0","0","0","0","0","0","1995","0","367","1054422.9814350503","771","67564410.953318492","17.96875"
"07/14/2008 14:25:42.421","86072","43","324","1402242000","900977.78892269696","0","0","0","0","0","0","1995","0","367","387285.45256472356","771","44633011.69843287","8.2031300000000034"
"07/14/2008 14:25:43.421","86264","66","295","1405845000","3602806.5587268616","0","0","0","0","0","0","1995","0","367","1546989.9392809442","771","4718338.663767999","30.078119999999998"
"07/14/2008 14:25:44.421","86373","91","276","1407935000","2089928.8858337644","0","0","0","0","0","0","1995","0","367","908340.09184387675","771","70842005.453791261","17.1875"
"07/14/2008 14:25:45.421","86484","56","311","1409175000","1239921.9928328132","0","0","0","0","0","0","1995","0","367","550925.33965416672","771","37156574.369789623","10.546880000000003"
"07/14/2008 14:25:46.421","86641","72","295","1412021000","2845981.0993642816","0","0","0","0","0","0","1995","0","367","1228409.8419251132","771","41418476.932978407","26.953119999999998"
"07/14/2008 14:25:47.421","86856","77","290","1415632000","3610820.9280879963","0","0","0","0","0","0","1995","0","367","1550068.1272697223","771","69628.546902415779","31.25"
"07/14/2008 14:25:48.421","87080","4","363","1418113000","2480937.2671841881","0","0","0","0","0","0","1995","0","367","1092795.3676485391","771","72284380.221937835","21.875"
"07/14/2008 14:25:49.531","87114","51","316","1419436000","1189124.3480335656","0","0","0","0","0","0","1995","0","367","503713.25358882459","771","38228922.278155938","8.4507042253521121"
"07/14/2008 14:25:50.546","87314","15","352","1422103000","2634081.1177140544","0","0","0","0","0","0","1995","0","367","1143194.1680587856","771","8802883.7861826494","23.076923076923073"
"07/14/2008 14:25:51.546","87408","6","348","1423721000","1617763.0835800688","0","0","0","0","0","0","1995","0","367","700977.34402738861","771","52421123.08801157","21.09375"
"07/14/2008 14:25:52.546","87437","179","188","1426810000","3089159.2016908871","0","0","0","0","0","0","1995","0","367","1297332.8588348108","771","32511627.506419249","25.78125"
"07/14/2008 14:25:53.546","87727","39","328","1429257000","2446957.0197372013","0","0","0","0","0","0","1995","0","367","1098229.7098362737","771","76020424.717930853","24.21875"
"07/14/2008 14:25:54.546","87853","104","263","1432407000","3149844.4508134671","0","0","0","0","0","0","1995","0","367","1343134.6718022539","771","0","26.953130000000002"
"07/14/2008 14:25:55.546","88051","63","304","1434985000","2577932.3784565669","0","0","0","0","0","0","1995","0","367","1124886.4931900105","771","33029277.611591503","23.046869999999998"
"07/14/2008 14:25:56.546","88248","25","342","1437587000","2601897.9418289587","0","0","0","0","0","0","1995","0","367","1141329.2319204789","771","75691111.053280771","23.4375"
"07/14/2008 14:25:57.546","88365","2","331","1439677000","2089899.7565988428","0","0","0","0","0","0","1995","0","367","904027.63772635034","771","27667152.927014329","19.53125"
"07/14/2008 14:25:58.546","88421","122","245","1442007000","2329871.8557373974","0","0","0","0","0","0","1995","0","367","987602.681297009","771","45610547.394237697","19.921880000000002"
"07/14/2008 14:25:59.546","88595","54","313","1443718000","1710951.9442379633","0","0","0","0","0","0","1995","0","367","768102.42619277688","771","45611774.895286433","16.40625"
"07/14/2008 14:26:00.546","88745","121","246","1447272000","3553936.1099122106","0","0","0","0","0","0","1995","0","367","1510284.8491935087","771","0","29.6875"
"07/14/2008 14:26:01.546","88933","4","363","1448446000","1173950.0563865837","0","0","0","0","0","0","1995","0","367","548918.64723421121","771","81457782.523783207","12.5"
"07/14/2008 14:26:02.546","89027","61","306","1450860000","2413923.3649259103","0","0","0","0","0","0","1995","0","367","1019909.6208240526","771","7147293.0941488165","20.3125"
"07/14/2008 14:26:03.546","89147","34","333","1452394000","1533935.0635882069","0","0","0","0","0","0","1995","0","367","668096.7173141269","771","24640492.888573069","29.6875"
"07/14/2008 14:26:04.546","89307","2","365","1454395000","2000937.1438464993","0","0","0","0","0","0","1995","0","367","813240.45338703995","780","32009234.482479241","19.53125"
"07/14/2008 14:26:05.546","89338","9","276","1456337000","1941668.2191632257","0","0","0","0","0","0","1995","0","367","820513.79543212045","780","40858810.286990114","16.796869999999998"
"07/14/2008 14:26:06.546","89479","76","291","1458438000","2101186.5199958803","0","0","0","0","0","0","1995","0","367","915068.22959137091","780","45092770.835231602","19.921880000000002"
"07/14/2008 14:26:07.546","89602","57","310","1460075000","1636924.3627629732","0","0","0","0","0","0","1995","0","367","708681.25402027962","780","73724.593413432187","13.671869999999997"
"07/14/2008 14:26:08.546","89704","23","344","1461201000","1125975.4976719804","0","0","0","0","0","0","1995","0","367","503367.04624078696","780","58718978.217607543","9.7656300000000034"
"07/14/2008 14:26:09.546","89854","87","280","1464729000","3527808.9583036453","0","0","0","0","0","0","1995","0","367","1493722.1103573868","780","0","30.859369999999998"
"07/14/2008 14:26:10.546","90098","39","328","1467987000","3257903.4613824137","0","0","0","0","0","0","1995","0","367","1413728.1082254804","780","39320434.851778612","27.734380000000002"
"07/14/2008 14:26:11.546","90260","2","365","1469987000","1999933.68052823","0","0","0","0","0","0","1995","0","367","879467.83611176838","780","63961014.999303862","17.578119999999998"
"07/14/2008 14:26:12.546","90333","26","286","1472503000","2515594.2051377269","0","0","0","0","0","0","1995","0","367","1068702.6057299634","780","42497336.680946477","22.65625"
"07/14/2008 14:26:13.546","90456","114","253","1475056000","2553201.6078533642","0","0","0","0","0","0","1995","0","367","1099997.8588701924","780","51384281.444835879","21.875"
"07/14/2008 14:26:14.546","90664","127","240","1478636000","3579877.5160218393","0","0","0","0","0","0","1995","0","367","1533156.543704561","780","0","31.640630000000002"
"07/14/2008 14:26:15.546","90911","5","362","1480699000","2062915.516929687","0","0","0","0","0","0","1995","0","367","928209.98679541831","780","78312312.857206613","19.140619999999998"
"07/14/2008 14:26:16.546","90929","49","318","1481688000","988973.63552864967","0","0","0","0","0","0","1995","0","367","419991.80368345749","780","41221045.112199709","9.375"
"07/14/2008 14:26:17.546","91164","22","345","1485139000","3450825.2653333414","0","0","0","0","0","0","1995","0","367","1483267.8938149391","780","4755215.2167432718","30.46875"
"07/14/2008 14:26:18.546","91238","3","364","1486048000","908970.63493448857","0","0","0","0","0","0","1995","0","367","401462.03042939911","780","61339714.368623078","18.359380000000002"
"07/14/2008 14:26:19.546","91286","17","270","1488354000","2305394.8932757345","0","0","0","0","0","0","1995","0","368","968362.82972249005","781","19581932.247625381","24.21875"
"07/14/2008 14:26:20.546","91433","55","313","1490017000","1663284.7112806684","0","0","0","0","0","0","1995","0","368","735825.95435308944","781","51200572.212396517","15.234369999999997"
"07/14/2008 14:26:21.546","91560","136","232","1493443000","3425842.550244513","0","0","0","0","0","0","1995","0","368","1448403.432210353","781","0","28.90625"
"07/14/2008 14:26:22.546","91805","8","360","1495367000","1923955.319101169","0","0","0","0","0","0","1995","0","368","867550.85246773413","781","81393821.753860116","16.796880000000002"
"07/14/2008 14:26:23.546","91909","41","327","1497592000","2224931.1169936555","0","0","0","0","0","0","1995","0","368","954225.45754911494","781","16174603.240543166","19.140619999999998"
"07/14/2008 14:26:24.546","92008","7","361","1498660000","1067959.7277420701","0","0","0","0","0","0","1995","0","368","476038.04882956832","781","50657417.732655644","9.7656300000000034"
"07/14/2008 14:26:25.546","92171","17","351","1501444000","2783899.2693439461","0","0","0","0","0","0","1995","0","368","1190075.9391279987","781","2293677.0072020008","25.78125"
"07/14/2008 14:26:26.546","92266","30","288","1504038000","2593861.781318062","0","0","0","0","0","0","1995","0","368","1107176.0020962623","781","42989325.234966107","22.65625"
"07/14/2008 14:26:27.546","92382","36","332","1505241000","1202951.398363648","0","0","0","0","0","0","1995","0","368","538146.25781759573","781","55084878.461017214","10.546869999999997"
"07/14/2008 14:26:28.546","92466","154","214","1508584000","3342933.0460666781","0","0","0","0","0","0","1995","0","368","1403774.8844952262","781","0","26.953130000000002"
"07/14/2008 14:26:29.546","92752","11","357","1510913000","2328914.4658631315","0","0","0","0","0","0","1995","0","368","1049429.4575613779","781","82048058.617594391","23.4375"
"07/14/2008 14:26:30.546","92799","88","280","1512955000","2041920.7489415701","0","0","0","0","0","0","1995","0","368","863399.48972618347","781","14941628.085308872","16.40625"
"07/14/2008 14:26:31.546","93059","37","331","1516369000","3413858.2839794368","0","0","0","0","0","0","1995","0","368","1478954.6056643617","781","12582389.680077406","30.46875"
"07/14/2008 14:26:32.546","93187","0","368","1517853000","1483943.4012512313","0","0","0","0","0","0","1995","0","368","657308.92972916237","781","74118389.067329645","29.296869999999998"
"07/14/2008 14:26:33.546","93232","16","243","1520644000","2790366.7969537224","0","0","0","0","0","0","1995","0","368","1176372.0521679795","781","27588491.490853574","23.828130000000002"
"07/14/2008 14:26:34.546","93435","37","331","1522524000","1880291.7212636736","0","0","0","0","0","0","1995","0","368","840048.33081933099","781","65021799.924882032","17.578119999999998"
"07/14/2008 14:26:35.546","93560","123","245","1526012000","3487864.3935274608","0","0","0","0","0","0","1995","0","368","1478724.5079097836","781","0","29.296880000000002"
"07/14/2008 14:26:36.546","93746","84","284","1528394000","2381896.5317080161","0","0","0","0","0","0","1995","0","368","1039713.8353955479","781","32504444.024601262","19.921869999999998"
"07/14/2008 14:26:37.546","93936","9","359","1530257000","1862933.9551595151","0","0","0","0","0","0","1995","0","368","831456.52315607341","781","73201116.869843304","16.015630000000002"
"07/14/2008 14:26:38.546","94128","15","353","1533541000","3283863.8280788586","0","0","0","0","0","0","1995","0","368","1412723.4186239056","781","25439201.113113932","28.515619999999998"
"07/14/2008 14:26:39.546","94164","21","271","1535446000","1904781.3576429388","0","0","0","0","0","0","1995","0","368","809806.04555047699","781","50325871.291258015","21.484380000000002"
"07/14/2008 14:26:40.546","94311","14","354","1536516000","1070000.0120373496","0","0","0","0","0","0","1995","0","368","481219.00541364617","781","21889024.246248446","10.15625"
"07/14/2008 14:26:41.546","94332","17","351","1536869000","353001.71556689311","0","0","0","0","0","0","1995","0","368","156771.76190123908","781","31588505.518217843","11.71875"
"07/14/2008 14:26:42.546","94365","116","252","1538882000","2012914.7189016608","0","0","0","0","0","0","1995","0","368","759125.83813807601","794","4095.8264722410345","22.65625"
"07/14/2008 14:26:43.546","94543","89","279","1541358000","2475921.1645606621","0","0","0","0","0","0","1995","0","368","1082937.5183467646","794","53729617.203211196","23.046869999999998"
"07/14/2008 14:26:44.546","94771","53","315","1544489000","3130883.849574666","0","0","0","0","0","0","1995","0","368","1354090.7655531419","794","270325.97136972751","27.34375"
"07/14/2008 14:26:45.546","94953","0","368","1546619000","2129917.181868006","0","0","0","0","0","0","1995","0","368","943024.3321359735","794","72152330.481888592","18.75"
"07/14/2008 14:26:46.546","95041","31","283","1549435000","2815859.0011428269","0","0","0","0","0","0","1995","0","368","1199475.9384924937","794","35322135.310335621","24.609380000000002"
"07/14/2008 14:26:47.546","95168","98","270","1551723000","2287783.764241281","0","0","0","0","0","0","1995","0","368","992927.15093996539","794","56683282.433968022","19.140619999999998"
"07/14/2008 14:26:48.546","95352","131","237","1555295000","3572081.0405756007","0","0","0","0","0","0","1995","0","368","1532956.7785221811","794","0","30.46875"
"07/14/2008 14:26:49.546","95555","10","358","1556677000","1381957.7333510586","0","0","0","0","0","0","1995","0","368","641052.39365761925","794","80934484.649728864","14.453130000000003"
"07/14/2008 14:26:50.546","95576","95","273","1558396000","1718917.4865461234","0","0","0","0","0","0","1995","0","368","724408.22612328874","794","20249651.952920653","15.234369999999997"
"07/14/2008 14:26:51.546","95889","21","347","1562293000","3896886.7481445298","0","0","0","0","0","0","1995","0","368","1693981.7692702145","794","5767000.3986459309","35.9375"
"07/14/2008 14:26:52.546","95986","0","368","1563500000","1206946.3986717686","0","0","0","0","0","0","1995","0","368","542095.92514328018","794","80736766.424101844","12.5"
"07/14/2008 14:26:53.546","96017","6","311","1564983000","1482829.4304092033","0","0","0","0","0","0","1995","0","368","629952.53667805681","794","26739708.136396732","13.28125"
"07/14/2008 14:26:54.546","96097","176","196","1568197000","3214003.1938757501","0","0","0","0","0","0","1995","0","372","1362144.3536140311","798","28835868.655286282","27.734380000000002"
"07/14/2008 14:26:55.546","96386","86","286","1571476000","3279027.8385983673","0","0","0","0","0","0","1995","0","372","1427391.1183991153","798","26349791.706935257","30.078119999999998"
"07/14/2008 14:26:56.578","96505","5","367","1572091000","589000.2285328235","0","0","0","0","0","0","1995","0","372","290211.4264235337","798","0","17.045459393939399"
"07/14/2008 14:26:58.015","96560","24","348","1573299000","844298.92386544787","0","0","0","0","0","0","1995","0","372","366536.1627837391","798","65915703.004403926","16.30434782608695"
"07/14/2008 14:26:59.015","96634","120","252","1576105000","2823041.4862542106","0","0","0","0","0","0","1995","0","372","1200292.6500538588","798","19516468.519449096","24.21875"
"07/14/2008 14:27:00.015","96898","64","308","1579493000","3387663.3551621409","0","0","0","0","0","0","1995","0","372","1478958.0303828509","798","41807813.400475822","31.640619999999998"
"07/14/2008 14:27:01.031","97001","68","304","1581270000","1749702.4696819189","0","0","0","0","0","0","1995","0","372","761972.28654364089","798","53817405.671504736","15.000004923076926"
"07/14/2008 14:27:02.031","97277","22","350","1585006000","3735847.2851417284","0","0","0","0","0","0","1995","0","372","1620454.7586630511","798","0","32.421869999999998"
"07/14/2008 14:27:03.046","97408","25","311","1587725000","2677035.3353724796","0","0","0","0","0","0","1995","0","372","1154943.3417021025","798","43618579.960111909","22.692312615384612"
"07/14/2008 14:27:04.359","97503","8","364","1588435000","537060.12775995827","0","0","0","0","0","0","1995","0","372","253127.0281312805","798","62068392.97104907","5.9523809523809534"
"07/14/2008 14:27:05.359","97626","27","348","1590670000","2256297.7176395301","0","0","0","0","0","0","1995","0","375","917412.67105059326","807","5363135.8839072101","26.953119999999998"
"07/14/2008 14:27:06.359","97733","39","304","1593133000","2462463.9313810761","0","0","0","0","0","0","1995","0","372","1044725.5673927931","807","32167077.355001725","23.4375"
"07/14/2008 14:27:07.375","97842","84","288","1595166000","2001988.0955624417","0","0","0","0","0","0","1995","0","372","869902.7249787302","807","54984925.05648043","19.615389538461535"
"07/14/2008 14:27:08.390","98005","59","313","1597446000","2244851.4863958014","0","0","0","0","0","0","1995","0","372","980245.90822225506","808","42405480.87817315","20.769230769230774"
"07/14/2008 14:27:09.406","98177","105","267","1601031000","3529717.114431777","0","0","0","0","0","0","1995","0","372","1506652.612094624","808","0","30.384610461538465"
"07/14/2008 14:27:10.421","98376","9","363","1602688000","1631424.0525009132","0","0","0","0","0","0","1995","0","372","738812.58411371312","808","70396170.3770836","16.153846153846153"
"07/14/2008 14:27:11.421","98407","65","307","1604110000","1421947.9840155095","0","0","0","0","0","0","1995","0","372","600131.0467305627","808","25492571.461526956","11.71875"
"07/14/2008 14:27:12.421","98637","15","357","1607041000","2930911.2714340035","0","0","0","0","0","0","1995","0","372","1273885.4351928663","808","34208756.38560655","25.390630000000002"
"07/14/2008 14:27:13.421","98694","28","327","1608456000","1414934.6838941062","0","0","0","0","0","0","1995","0","372","610402.82263191743","808","34650560.463496812","14.84375"
"07/14/2008 14:27:14.421","98750","56","316","1609563000","1106967.160845954","0","0","0","0","0","0","1995","0","372","478646.8005218475","808","29359257.03182818","10.9375"
"07/14/2008 14:27:15.421","98848","135","237","1612519000","2955882.4497192064","0","0","0","0","0","0","1995","0","372","1249473.3106293951","808","25689090.389756691","26.953119999999998"
"07/14/2008 14:27:16.421","99033","56","318","1614070000","1550741.8628593679","0","0","0","0","0","0","1995","0","374","664195.43774897174","817","48750668.943209246","28.125"
"07/14/2008 14:27:17.421","99191","95","277","1617267000","3197201.8767960458","0","0","0","0","0","0","1995","0","372","1358904.8035740149","817","421914.64041217708","27.34375"
"07/14/2008 14:27:18.421","99404","8","364","1619326000","2058907.6128229832","0","0","0","0","0","0","1995","0","372","921189.66443347721","817","66552917.641532607","17.578130000000002"
"07/14/2008 14:27:19.421","99461","46","326","1620913000","1586975.8683498474","0","0","0","0","0","0","1995","0","372","678269.68619050691","817","29535806.876750719","14.0625"
"07/14/2008 14:27:20.421","99660","13","306","1624489000","3575917.142565628","0","0","0","0","0","0","1995","0","372","1536128.406429582","817","15203999.708725389","30.859369999999998"
"07/14/2008 14:27:21.421","99765","50","322","1625950000","1460891.5356376267","0","0","0","0","0","0","1995","0","372","644043.18280655344","817","72018716.947175011","16.40625"
"07/14/2008 14:27:22.421","99828","143","229","1628461000","2511005.094137908","0","0","0","0","0","0","1995","0","372","1063027.1565893865","817","23920688.528490245","20.703130000000002"
"07/14/2008 14:27:23.421","100099","32","340","1631102000","2640640.3591809911","0","0","0","0","0","0","1995","0","372","1174839.9931986614","817","70834768.690726072","25"
"07/14/2008 14:27:24.421","100227","83","289","1634017000","2915080.6629175073","0","0","0","0","0","0","1995","0","372","1242030.368103222","817","495629.71452230646","24.21875"
"07/14/2008 14:27:25.421","100452","38","334","1636975000","2957971.5372746661","0","0","0","0","0","0","1995","0","372","1286751.6183873222","817","33554109.129620776","25.390619999999998"
"07/14/2008 14:27:26.421","100626","6","359","1639418000","2442839.1502132276","0","0","0","0","0","0","1995","0","372","1072287.3947786968","817","71429536.69166097","22.65625"
"07/14/2008 14:27:27.421","100641","71","301","1640623000","1204985.3776852207","0","0","0","0","0","0","1995","0","372","509175.821228644","817","37092925.88297087","11.328130000000003"
"07/14/2008 14:27:28.421","100755","147","225","1643727000","3103892.6493347399","0","0","0","0","0","0","1995","0","372","1322784.2504250882","817","29883382.458782699","25.78125"
"07/14/2008 14:27:29.421","101036","16","356","1646189000","2461844.8226286289","0","0","0","0","0","0","1995","0","372","1100292.6452954034","817","70749844.427738458","22.65625"
"07/14/2008 14:27:30.421","101122","49","323","1648127000","1937744.1483051644","0","0","0","0","0","0","1995","0","372","822478.40336527361","817","2686621.2696782341","24.21875"
"07/14/2008 14:27:31.421","101224","67","305","1650106000","1979160.495540241","0","0","0","0","0","0","1995","0","372","854836.32101639477","817","47976242.524785683","23.4375"
"07/14/2008 14:27:32.421","101439","26","346","1652951000","2844886.0103985411","0","0","0","0","0","0","1995","0","372","1233079.5926596634","817","1310667.4838487084","25.78125"
"07/14/2008 14:27:33.421","101571","24","341","1655188000","2236911.0755078886","0","0","0","0","0","0","1995","0","372","973272.30925957009","817","56620853.136895403","20.703119999999998"
"07/14/2008 14:27:34.421","101611","111","261","1657179000","1990938.1074852401","0","0","0","0","0","0","1995","0","372","847532.65265800233","817","45132420.963401258","16.40625"
"07/14/2008 14:27:35.421","101796","43","329","1659112000","1932915.6872716302","0","0","0","0","0","0","1995","0","372","857028.6168790207","817","48232392.129353702","19.53125"
"07/14/2008 14:27:36.421","101922","48","325","1661175000","2062936.3411589176","0","0","0","0","0","0","1995","0","373","837681.15052991442","826","0","25.78125"
"07/14/2008 14:27:37.421","102089","6","366","1663163000","1987737.0554904209","0","0","0","0","0","0","1995","0","372","868411.12367045949","828","60002558.660744309","18.75"
"07/14/2008 14:27:38.421","102200","0","355","1665211000","2048087.7773848115","0","0","0","0","0","0","1995","0","372","880839.75121879729","828","15520409.177022103","19.140630000000002"
"07/14/2008 14:27:39.421","102227","105","267","1667047000","1835944.7433437956","0","0","0","0","0","0","1995","0","372","773947.70640007663","828","36182974.996522591","15.234369999999997"
"07/14/2008 14:27:40.421","102395","104","268","1669804000","2756914.6986793457","0","0","0","0","0","0","1995","0","372","1190135.1761902773","828","44038829.400602296","23.828130000000002"
"07/14/2008 14:27:41.421","102582","32","340","1671645000","1840931.4491720465","0","0","0","0","0","0","1995","0","372","800333.19796506618","831","49281236.912879042","24.21875"
"07/14/2008 14:27:42.421","102746","82","290","1675153000","3507848.0419222997","0","0","0","0","0","0","1995","0","372","1493088.3202224651","831","69628.983710129294","30.859369999999998"
"07/14/2008 14:27:43.421","102966","7","365","1677527000","2373903.5020288671","0","0","0","0","0","0","1995","0","372","1053684.168273956","831","69919973.788593128","19.921880000000002"
"07/14/2008 14:27:44.421","103030","30","342","1678969000","1441875.5262440855","0","0","0","0","0","0","1995","0","372","620280.45263321674","831","30148053.388768651","12.5"
"07/14/2008 14:27:45.421","103186","58","278","1682567000","3598010.8343746951","0","0","0","0","0","0","1995","0","372","1531078.6104028355","831","16867378.791259494","31.25"
"07/14/2008 14:27:46.421","103334","89","283","1684901000","2333957.464156914","0","0","0","0","0","0","1995","0","372","1006569.6554973349","831","46402738.320665099","19.53125"
"07/14/2008 14:27:47.781","103526","4","368","1686605000","1246808.1294572577","0","0","0","0","0","0","1995","0","372","558985.64470667054","831","46226072.851827964","11.206892873563223"
"07/14/2008 14:27:48.781","103539","7","226","1689149000","2562510.7311350047","0","0","0","0","0","0","1995","0","373","1073588.2468937954","832","16292797.789789598","22.65625"
"07/14/2008 14:27:49.796","103744","69","304","1691240000","2058755.0643689267","0","0","0","0","0","0","1995","0","373","917140.42861548404","832","58008317.61680311","18.846158769230769"
"07/14/2008 14:27:50.796","103967","44","329","1694523000","3282863.2048001965","0","0","0","0","0","0","1995","0","373","1421302.7750536755","832","24771575.781339929","30.078119999999998"
"07/14/2008 14:27:51.796","104078","22","351","1695943000","1419943.0574453208","0","0","0","0","0","0","1995","0","373","627749.82597727899","832","58521301.178854734","16.796880000000002"
"07/14/2008 14:27:52.796","104178","35","273","1698872000","2928868.2135609761","0","0","0","0","0","0","1995","0","373","1244199.0164098027","832","6815437.3347111437","25.78125"
"07/14/2008 14:27:53.796","104325","147","226","1702043000","3170919.5349589642","0","0","0","0","0","0","1995","0","373","1347171.8142585703","832","19598862.660578154","30.078119999999998"
"07/14/2008 14:27:55.265","104534","0","373","1703072000","698760.25259653479","0","0","0","0","0","0","1995","0","373","336376.66655388346","832","65019401.114283055","11.170212765957444"
"07/14/2008 14:27:56.265","104558","3","370","1703515000","444677.14670773927","0","0","0","0","0","0","1995","0","373","175971.69579015882","832","4210183.1493111905","26.953130000000002"
"07/14/2008 14:27:57.281","104629","5","362","1704819000","1283872.0332496646","0","0","0","0","0","0","1995","0","373","540069.04112778988","832","6194343.8702613516","28.076918153846155"
"07/14/2008 14:27:58.296","104644","0","180","1708070000","3200864.4781012135","0","0","0","0","0","0","1995","0","373","1340550.7931189637","832","22196714.219093617","26.15384615384615"
"07/14/2008 14:27:59.296","104941","17","356","1710067000","1996891.0160428714","0","0","0","0","0","0","1995","0","373","908455.41939410556","832","50746670.408215694","19.53125"
"07/14/2008 14:28:00.296","104969","83","290","1711591000","1523963.6882091165","0","0","0","0","0","0","1995","0","373","651848.46827476879","832","34864321.28076867","13.28125"
"07/14/2008 14:28:01.296","105160","7","366","1713445000","1853958.3003641746","0","0","0","0","0","0","1995","0","373","826268.41538997449","832","49806239.747155651","16.40625"
"07/14/2008 14:28:02.296","105315","61","312","1716894000","3448862.8447501836","0","0","0","0","0","0","1995","0","373","1470220.5318980734","832","0","29.296880000000002"
"07/14/2008 14:28:03.296","105540","2","371","1719578000","2683857.8512457679","0","0","0","0","0","0","1995","0","373","1183247.3300885356","832","64484008.647173904","26.953119999999998"
"07/14/2008 14:28:04.296","105589","22","327","1721070000","1491953.5299583012","0","0","0","0","0","0","1995","0","373","638609.10917140741","832","35130297.79272709","14.84375"
"07/14/2008 14:28:05.296","105648","25","348","1721664000","593981.90679480671","0","0","0","0","0","0","1995","0","373","264997.92793276859","832","11075246.638360357","5.8593800000000034"
"07/14/2008 14:28:06.296","105705","126","247","1724271000","2606673.0979547193","0","0","0","0","0","0","1995","0","373","1104928.4312763819","832","32436252.179916549","22.65625"
"07/14/2008 14:28:07.296","105929","12","361","1726091000","1820098.4956740206","0","0","0","0","0","0","1995","0","373","821420.45163887052","832","58723433.852304056","19.140619999999998"
"07/14/2008 14:28:08.296","106011","109","264","1728999000","2907885.0127593675","0","0","0","0","0","0","1995","0","373","1230919.3254423565","832","0","24.21875"
"07/14/2008 14:28:09.296","106310","4","369","1732209000","3209883.6150872828","0","0","0","0","0","0","1995","0","373","1415587.6732020394","832","53409903.447870262","29.296880000000002"
"07/14/2008 14:28:10.296","106337","43","330","1733269000","1059956.1143905988","0","0","0","0","0","0","1995","0","373","453876.2080578499","832","46397566.990748324","9.7656199999999966"
"07/14/2008 14:28:11.296","106521","1","372","1735623000","2353900.9520284142","0","0","0","0","0","0","1995","0","373","1020116.0753272537","832","7339723.1574847177","31.25"
"07/14/2008 14:28:12.296","106538","4","352","1736220000","596973.49694667442","0","0","0","0","0","0","1995","0","373","250016.90032593484","832","48232354.691089407","27.734380000000002"
"07/14/2008 14:28:13.296","106566","99","274","1737997000","1776924.0107945434","0","0","0","0","0","0","1995","0","373","746202.08906654781","832","11533842.761379793","23.046869999999998"
"07/14/2008 14:28:14.296","106723","66","307","1739972000","1974831.3317643071","0","0","0","0","0","0","1995","0","373","863838.2204998309","832","41419310.420916691","17.96875"
"07/14/2008 14:28:15.296","106873","101","272","1743027000","3055089.8987153983","0","0","0","0","0","0","1995","0","373","1311960.6055982006","832","39322757.106817476","26.171880000000002"
"07/14/2008 14:28:16.296","107137","15","358","1745957000","2929882.3959906748","0","0","0","0","0","0","1995","0","373","1291316.1672169575","832","63763968.546295717","27.734369999999998"
"07/14/2008 14:28:17.296","107250","12","363","1747720000","1762939.2388549731","0","0","0","0","0","0","1995","0","375","755889.9476337469","834","5439300.53005148","22.265630000000002"
"07/14/2008 14:28:18.296","107347","8","361","1749180000","1459942.6085485229","0","0","0","0","0","0","1995","0","369","550509.35905947047","841","30051170.665683851","14.453119999999997"
"07/14/2008 14:28:19.296","107412","10","343","1750473000","1292947.7041514344","0","0","0","0","0","0","1995","0","353","571411.8881065544","841","24603676.855219707","16.40625"
"07/14/2008 14:28:20.296","107467","20","228","1753189000","2715563.5668678563","0","0","0","0","0","0","1995","0","373","1172012.6394131326","865","17503490.917861935","23.4375"
"07/14/2008 14:28:21.296","107647","7","366","1753899000","710009.79801273742","0","0","0","0","0","0","1995","0","373","340371.69707070617","865","9093245.4852191303","6.6406300000000034"
"07/14/2008 14:28:22.421","107713","77","296","1756107000","1958937.5882700284","0","0","0","0","0","0","1995","0","373","842742.40295372158","865","60592835.425974637","18.402773333333332"
"07/14/2008 14:28:23.421","107855","64","310","1758170000","2067406.0083626905","0","0","0","0","0","0","1995","0","374","897724.20928618044","866","37303949.322920278","19.140630000000002"
"07/14/2008 14:28:24.421","108027","110","264","1761735000","3564889.8997516995","0","0","0","0","0","0","1995","0","374","1525538.8843205038","866","163834.9400211272","30.078119999999998"
"07/14/2008 14:28:25.421","108227","9","365","1763364000","1628916.6453049018","0","0","0","0","0","0","1995","0","374","739000.18398578512","866","74613013.913271606","16.015630000000002"
"07/14/2008 14:28:26.421","108296","52","322","1765218000","1853849.7566245168","0","0","0","0","0","0","1995","0","374","792355.7843281551","866","22739149.128694758","17.578119999999998"
"07/14/2008 14:28:27.421","108527","7","367","1768259000","3041032.0900900047","0","0","0","0","0","0","1995","0","374","1321634.946378442","866","18350273.638842091","26.953130000000002"
"07/14/2008 14:28:28.421","108562","5","329","1769481000","1221939.3039786236","0","0","0","0","0","0","1995","0","374","527185.81368999835","866","60290125.276186273","9.375"
"07/14/2008 14:28:29.421","108631","142","232","1772177000","2695802.2855922994","0","0","0","0","0","0","1995","0","374","1143320.1470902734","866","27330603.530266456","22.65625"
"07/14/2008 14:28:30.421","108866","33","341","1774263000","2086041.2326971071","0","0","0","0","0","0","1995","0","374","933689.45530850464","866","61867206.867391899","19.921869999999998"
"07/14/2008 14:28:31.421","109004","102","272","1777630000","3366841.9792469633","0","0","0","0","0","0","1995","0","374","1433803.7052642775","866","0","28.515630000000002"
"07/14/2008 14:28:32.421","109281","2","372","1780503000","2872909.8061240604","0","0","0","0","0","0","1995","0","374","1274004.0031442819","866","75364033.975728631","26.953119999999998"
"07/14/2008 14:28:33.421","109347","21","353","1781914000","1410924.9326772986","0","0","0","0","0","0","1995","0","374","609147.59070755262","866","33159451.773421232","12.890630000000003"
"07/14/2008 14:28:34.421","109463","5","349","1783900000","1985940.9363724214","0","0","0","0","0","0","1995","0","374","855215.56513800914","866","17305085.331564236","23.4375"
"07/14/2008 14:28:35.421","109500","81","293","1785425000","1524938.6982306032","0","0","0","0","0","0","1995","0","374","644913.07481845701","869","40368553.204446122","14.0625"
"07/14/2008 14:28:36.421","109628","144","229","1788535000","3109916.1266104826","0","0","0","0","0","0","1995","0","373","1329034.156396847","869","33029253.212175716","26.5625"
"07/14/2008 14:28:37.421","109904","10","363","1790817000","2281913.5051497733","0","0","0","0","0","0","1995","0","373","1024213.1776847789","869","72349001.645372078","20.703119999999998"
"07/14/2008 14:28:38.421","109921","87","284","1792379000","1561943.4954479297","0","0","0","0","0","0","1995","0","371","661097.0842855511","870","0","14.84375"
"07/14/2008 14:28:39.421","110206","35","336","1796175000","3795804.9075559196","0","0","0","0","0","0","1995","0","371","1644376.4842160998","870","4521751.5961773833","34.375"
"07/14/2008 14:28:40.421","110389","0","371","1798578000","2402821.6107464298","0","0","0","0","0","0","1995","0","371","1057474.491431427","870","75172403.082625613","20.703130000000002"
"07/14/2008 14:28:41.421","110403","6","327","1799513000","935002.67524296406","0","0","0","0","0","0","1995","0","371","400034.14458338893","870","47251591.19692535","8.9843699999999966"
"07/14/2008 14:28:42.421","110470","178","193","1802818000","3304898.4747879198","0","0","0","0","0","0","1995","0","371","1397641.0650031706","870","21495147.677317388","28.125"
"07/14/2008 14:28:43.421","110763","13","358","1804913000","2094920.3573608471","0","0","0","0","0","0","1995","0","371","951549.82490672031","870","75756735.954291433","21.484380000000002"
"07/14/2008 14:28:44.421","110837","106","265","1807625000","2711899.2304740888","0","0","0","0","0","0","1995","0","371","1148614.3194611634","870","790498.62642633496","23.046869999999998"
"07/14/2008 14:28:45.421","111156","30","341","1811631000","4005852.876877503","0","0","0","0","0","0","1995","0","371","1740427.0792634555","870","19397943.570932861","37.890630000000002"
"07/14/2008 14:28:46.421","111317","3","358","1813993000","2361899.5880465377","0","0","0","0","0","0","1995","0","371","1034273.029724611","870","75559795.709888756","20.3125"
"07/14/2008 14:28:47.421","111333","35","336","1814624000","630914.00434158405","0","0","0","0","0","0","1995","0","371","275713.41935213335","870","54452993.87744607","5.0781199999999966"
"07/14/2008 14:28:48.421","111391","133","238","1817137000","2512928.3730132254","0","0","0","0","0","0","1995","0","371","1059622.7971542312","870","15203918.636721201","28.90625"
"07/14/2008 14:28:49.421","111621","42","329","1819445000","2308134.1239973954","0","0","0","0","0","0","1995","0","371","1027023.6796000265","870","60296623.793011196","21.484380000000002"
"07/14/2008 14:28:50.421","111786","93","278","1823000000","3554860.2957366807","0","0","0","0","0","0","1995","0","371","1521140.2199366072","870","77820.941675221227","30.859369999999998"
"07/14/2008 14:28:51.421","112038","3","368","1825633000","2632887.8305072095","0","0","0","0","0","0","1995","0","371","1170096.1501392666","870","75494255.701807365","25"
"07/14/2008 14:28:52.421","112107","25","346","1827111000","1477951.1506302108","0","0","0","0","0","0","1995","0","371","635439.99738201918","870","34077593.6644146","14.453130000000003"
"07/14/2008 14:28:53.421","112237","51","265","1830426000","3314852.6483545443","0","0","0","0","0","0","1995","0","368","1421603.8069466848","875","17824999.644107766","28.125"
"07/14/2008 14:28:54.421","112286","185","180","1832679000","2252830.4400203936","0","0","0","0","0","0","1995","0","368","958754.83902060986","875","42726256.19511722","20.703119999999998"
"07/14/2008 14:28:55.421","112577","74","294","1835570000","2890934.109207951","0","0","0","0","0","0","1995","0","368","1270907.0332135304","875","5099403.773292331","26.5625"
"07/14/2008 14:28:56.421","112823","8","362","1838483000","2912971.9812009907","0","0","0","0","0","0","1995","0","370","1269806.7861986477","877","74562866.807389811","36.71875"
"07/14/2008 14:28:57.515","112873","10","347","1839523000","938588.09569574788","0","0","0","0","0","0","1995","0","371","342355.42283634533","884","58627966.809539191","9.6428617142857114"
"07/14/2008 14:28:58.515","112916","145","223","1842245000","2761269.230853505","0","0","0","0","0","0","1995","0","368","1155751.452516481","884","24315594.827170648","23.4375"
"07/14/2008 14:28:59.515","113175","86","282","1845430000","3184874.5254743141","0","0","0","0","0","0","1995","0","368","1376481.7707373032","887","49150.063634572522","30.859369999999998"
"07/14/2008 14:29:00.531","113219","20","256","1846574000","1126361.1223123281","0","0","0","0","0","0","1995","0","368","495582.15593361377","887","77487091.841285631","11.153851076923072"
"07/14/2008 14:29:01.546","113397","130","238","1849752000","3128939.5143923932","0","0","0","0","0","0","1995","0","368","1348175.1674671825","887","193572.85715722456","28.46153846153846"
"07/14/2008 14:29:02.546","113666","7","361","1852146000","2393938.5962425536","0","0","0","0","0","0","1995","0","368","1074116.4492574609","887","86316889.999446526","25.390619999999998"
"07/14/2008 14:29:03.546","113703","59","310","1853592000","1445945.4578116769","0","0","0","0","0","0","1995","0","369","615074.7988997557","888","31562585.434706237","13.28125"
"07/14/2008 14:29:04.546","113980","5","364","1857266000","3673852.2303257864","0","0","0","0","0","0","1995","0","369","1598142.7195079706","888","9268875.1873279363","32.421880000000002"
"07/14/2008 14:29:05.546","114015","6","298","1858853000","1586948.6906228275","0","0","0","0","0","0","1995","0","369","680020.01352774352","888","72873675.841327846","15.234369999999997"
"07/14/2008 14:29:06.546","114116","159","210","1861916000","3062864.9523151862","0","0","0","0","0","0","1995","0","369","1310555.2150664914","888","35650012.121489011","26.171880000000002"
"07/14/2008 14:29:07.546","114387","115","254","1865652000","3735809.2659723391","0","0","0","0","0","0","1995","0","369","1619642.3081710511","888","0","33.203119999999998"
"07/14/2008 14:29:08.546","114611","6","363","1867558000","1905957.309472346","0","0","0","0","0","0","1995","0","369","863260.66428189236","888","85194891.764771014","19.140630000000002"
"07/14/2008 14:29:09.687","114630","76","293","1869015000","1275425.1236370292","0","0","0","0","0","0","1995","0","369","542102.07255709823","888","38842225.650252782","10.616433972602735"
"07/14/2008 14:29:10.687","114845","13","356","1871485000","2474120.0356492703","0","0","0","0","0","0","1995","0","369","1071176.7802765504","888","9194447.0799795538","32.03125"
"07/14/2008 14:29:11.703","114927","10","359","1872654000","1150353.268310206","0","0","0","0","0","0","1995","0","369","473913.07292716316","897","69496720.059734762","17.692307692307697"
"07/14/2008 14:29:12.718","115050","8","344","1874946000","2257844.278012929","0","0","0","0","0","0","1995","0","369","968828.96150154702","897","8933403.2200298775","19.23076923076923"
"07/14/2008 14:29:13.718","115090","184","185","1878238000","3291905.4905747334","0","0","0","0","0","0","1995","0","369","1384176.2607962925","897","36436969.907670103","27.34375"
"07/14/2008 14:29:14.718","115381","138","231","1882246000","4007828.4420382273","0","0","0","0","0","0","1995","0","369","1734673.7460501324","897","10882606.162262937","34.765630000000002"
"07/14/2008 14:29:16.281","115574","15","354","1883400000","737683.01503452216","0","0","0","0","0","0","1995","0","369","350593.12187584821","897","74151027.304805309","8.4999999999999964"
"07/14/2008 14:29:17.296","115606","194","175","1886837000","3389995.2565687303","0","0","0","0","0","0","1995","0","369","1417822.857551042","897","8273884.5880752122","26.923076923076927"
"07/14/2008 14:29:18.296","115926","41","328","1889596000","2758907.4984364812","0","0","0","0","0","0","1995","0","369","1232507.676074805","897","65009532.338888355","26.953119999999998"
"07/14/2008 14:29:19.296","115984","106","263","1891559000","1962897.2362533645","0","0","0","0","0","0","1995","0","369","833186.38011380075","897","18873379.920137007","16.796880000000002"
"07/14/2008 14:29:20.296","116237","10","359","1894122000","2562932.5220338348","0","0","0","0","0","0","1995","0","369","1138362.0287253771","897","65866041.851127468","22.65625"
"07/14/2008 14:29:21.296","116341","38","331","1896307000","2184907.055215681","0","0","0","0","0","0","1995","0","369","937485.11988150177","897","15990103.789487427","18.75"
"07/14/2008 14:29:22.296","116484","59","300","1899148000","2840847.6934058098","0","0","0","0","0","0","1995","0","369","1218772.6578441923","897","27261514.426250599","26.171869999999998"
"07/14/2008 14:29:23.296","116591","146","223","1902168000","3019809.912891597","0","0","0","0","0","0","1995","0","369","1292172.6619780853","897","64352301.234152637","24.609380000000002"
"07/14/2008 14:29:24.296","116787","98","271","1904544000","2375972.566769666","0","0","0","0","0","0","1995","0","369","1048208.8972693039","897","52559265.145170495","21.09375"
"07/14/2008 14:29:25.296","117032","9","360","1907100000","2555956.7249986376","0","0","0","0","0","0","1995","0","369","1132865.8194053527","897","57740334.396183304","23.828119999999998"
"07/14/2008 14:29:26.296","117199","49","320","1910537000","3436877.1116988789","0","0","0","0","0","0","1995","0","369","1469257.4655194297","897","6225697.3951900741","28.90625"
"07/14/2008 14:29:27.296","117288","5","364","1911249000","711962.45156965952","0","0","0","0","0","0","1995","0","369","318299.21310933674","897","8388165.6136753634","6.6406300000000034"
"07/14/2008 14:29:28.296","117326","17","352","1912092000","842974.48348134151","0","0","0","0","0","0","1995","0","369","368126.85693932872","897","58718478.613869689","8.59375"
"07/14/2008 14:29:29.296","117424","19","257","1915246000","3153882.8071221518","0","0","0","0","0","0","1995","0","369","1323198.8321999914","897","9961101.8625328839","28.125"
"07/14/2008 14:29:30.296","117569","25","344","1916165000","918941.35274728166","0","0","0","0","0","0","1995","0","369","420813.14351487055","897","55124545.926549204","18.75"
"07/14/2008 14:29:31.296","117601","146","223","1918673000","2507892.6384581667","0","0","0","0","0","0","1995","0","369","1056560.7691988556","897","17300763.363578361","26.171869999999998"
"07/14/2008 14:29:32.296","117866","13","356","1920825000","2151999.4189674198","0","0","0","0","0","0","1995","0","369","969901.73812980403","897","56819696.658873662","23.4375"
"07/14/2008 14:29:33.296","118005","78","293","1924161000","3335835.3035301827","0","0","0","0","0","0","1995","0","371","1420005.8916354699","899","12385692.495041102","29.296880000000002"
"07/14/2008 14:29:34.296","118182","1","358","1925971000","1809893.8510524977","0","0","0","0","0","0","1995","0","371","758369.52218349662","908","40703660.760136917","22.65625"
"07/14/2008 14:29:35.296","118202","103","270","1927703000","1731976.6510816342","0","0","0","0","0","0","1995","0","373","729304.16819108021","911","46853512.363981895","15.234369999999997"
"07/14/2008 14:29:36.296","118362","90","281","1930041000","2337930.7747350764","0","0","0","0","0","0","1995","0","371","998539.43361695053","917","41941798.118881218","20.703130000000002"
"07/14/2008 14:29:37.296","118567","49","322","1932708000","2666835.6616401253","0","0","0","0","0","0","1995","0","371","1162611.3564239691","917","53474080.767805688","23.4375"
"07/14/2008 14:29:38.296","118759","67","304","1936167000","3458862.1228320929","0","0","0","0","0","0","1995","0","371","1480164.99766031","917","0","29.296869999999998"
"07/14/2008 14:29:39.296","118966","0","371","1938491000","2323966.9536029999","0","0","0","0","0","0","1995","0","371","1023222.4499586372","917","57736394.998725638","21.09375"
"07/14/2008 14:29:40.296","119066","1","337","1940716000","2224887.7001970802","0","0","0","0","0","0","1995","0","371","957723.65950254281","917","47191730.027201541","20.703130000000002"
"07/14/2008 14:29:41.296","119116","102","269","1942645000","1928956.7726190679","0","0","0","0","0","0","1995","0","371","813696.76528342406","917","39320718.833705515","19.53125"
"07/14/2008 14:29:42.296","119249","50","324","1943816000","1170945.7624702516","0","0","0","0","0","0","1995","0","374","503126.69546277291","928","34621884.334363453","18.75"
"07/14/2008 14:29:43.296","119337","44","327","1945161000","1344956.4189132042","0","0","0","0","0","0","1995","0","371","569651.54138459859","928","774118.91595772759","12.109369999999997"
"07/14/2008 14:29:44.296","119525","8","321","1948353000","3191505.8413912659","0","0","0","0","0","0","1995","0","371","1371567.6325512878","928","21766869.714439157","29.296880000000002"
"07/14/2008 14:29:45.296","119603","116","255","1950723000","2370179.7255192925","0","0","0","0","0","0","1995","0","371","1008990.5095327306","928","64774959.742831811","20.703119999999998"
"07/14/2008 14:29:46.296","119744","108","263","1952920000","2196924.0999672515","0","0","0","0","0","0","1995","0","371","954146.03585919528","928","41679456.044892408","19.140630000000002"
"07/14/2008 14:29:47.296","119976","32","339","1955425000","2504910.3973439825","0","0","0","0","0","0","1995","0","371","1100073.6494823475","928","57145347.865026876","23.828119999999998"
"07/14/2008 14:29:48.296","120139","71","300","1958742000","3316873.5540685095","0","0","0","0","0","0","1995","0","371","1415178.0505491362","928","3669876.096897285","29.296880000000002"
"07/14/2008 14:29:49.296","120372","5","358","1961570000","2827896.9668619265","0","0","0","0","0","0","1995","0","373","1222505.4585703849","931","64943809.801867343","32.421869999999998"
"07/14/2008 14:29:50.296","120454","15","356","1962867000","1296949.186166059","0","0","0","0","0","0","1995","0","371","542659.73885719583","937","39819751.881622761","14.453130000000003"
"07/14/2008 14:29:51.296","120526","25","238","1965952000","3084520.0469688047","0","0","0","0","0","0","1995","0","371","1299305.8272921678","937","20059086.794962052","27.34375"
"07/14/2008 14:29:52.296","120702","37","334","1967216000","1264096.7116702723","0","0","0","0","0","0","1995","0","371","555065.46614032402","946","64885604.173309125","14.453119999999997"
"07/14/2008 14:29:53.296","120762","127","244","1969666000","2449906.8526434209","0","0","0","0","0","0","1995","0","371","1035963.6118608742","946","15859109.024388202","21.09375"
"07/14/2008 14:29:54.296","121072","60","311","1973644000","3977871.6555753378","0","0","0","0","0","0","1995","0","371","1726493.2953901319","946","0","35.15625"
"07/14/2008 14:29:55.296","121312","1","370","1976605000","2960872.180745698","0","0","0","0","0","0","1995","0","371","1302187.7852559949","946","65860836.823214054","27.734380000000002"
"07/14/2008 14:29:56.609","121334","16","355","1977190000","445051.78482235415","0","0","0","0","0","0","1995","0","371","200850.72933190581","946","63970894.528498761","3.2738057142857158"
"07/14/2008 14:29:57.625","121555","21","350","1980927000","3686296.9054502593","0","0","0","0","0","0","1995","0","371","1581617.6724339291","946","0","32.692312615384608"
"07/14/2008 14:29:58.640","121641","5","342","1982454000","1503375.5805511102","0","0","0","0","0","0","1995","0","371","658737.43537351792","946","56779433.792637758","16.538456615384611"
"07/14/2008 14:29:59.656","121683","91","280","1984106000","1626614.5832566021","0","0","0","0","0","0","1995","0","371","669308.57713499293","955","33038818.658651326","16.153846153846153"
"07/14/2008 14:30:00.671","121833","120","251","1986907000","2757728.1868113112","0","0","0","0","0","0","1995","0","371","1159502.1259175059","964","3000345.2559676091","25.769235692307689"
"07/14/2008 14:30:01.671","122114","1","369","1989574000","2666950.9953880175","0","0","0","0","0","0","1995","0","371","1184014.2440102163","964","52644920.661674574","25"
"07/14/2008 14:30:02.671","122121","1","258","1991503000","1928813.0497210179","0","0","0","0","0","0","1995","0","371","811523.34306878049","964","57621039.078572527","15.625"
"07/14/2008 14:30:03.671","122293","159","212","1995074000","3570982.3640312995","0","0","0","0","0","0","1995","0","371","1519738.4944853294","964","3407855.1696656602","31.25"
"07/14/2008 14:30:05.140","122553","22","349","1997106000","1379489.1321375757","0","0","0","0","0","0","1995","0","371","631662.099440263","964","74570099.011594817","13.031911489361702"
"07/14/2008 14:30:06.140","122597","176","195","2000347000","3254642.8937808024","0","0","0","0","0","0","1995","0","371","1361719.0882562788","964","11582889.446738686","28.515630000000002"
"07/14/2008 14:30:07.140","122892","94","277","2003827000","3479869.1411566827","0","0","0","0","0","0","1995","0","371","1522360.7523395042","964","52426828.513757326","32.421869999999998"
"07/14/2008 14:30:08.156","123012","24","347","2004617000","777822.37647231726","0","0","0","0","0","0","1995","0","371","363367.1075586931","964","55750275.084201485","9.6153895384615389"
"07/14/2008 14:30:09.171","123190","64","307","2008195000","3522795.5727209616","0","0","0","0","0","0","1995","0","371","1503494.296618616","964","0","31.153841230769231"
"07/14/2008 14:30:10.171","123387","5","366","2010464000","2268911.3519054428","0","0","0","0","0","0","1995","0","371","996813.0537548014","964","55506823.306138568","22.65625"
"07/14/2008 14:30:11.171","123412","6","365","2010901000","436986.74635765352","0","0","0","0","0","0","1995","0","371","192354.16597107146","964","42646258.555146083","10.15625"
"07/14/2008 14:30:12.171","123506","20","324","2013039000","2137733.9356158432","0","0","0","0","0","0","1995","0","373","873280.31070794468","976","7449696.8037015237","22.265630000000002"
"07/14/2008 14:30:13.171","123574","82","289","2014672000","1633004.078376706","0","0","0","0","0","0","1995","0","371","690886.72546802857","976","40783973.856701501","16.015619999999998"
"07/14/2008 14:30:14.171","123722","52","319","2016568000","1895952.6420649162","0","0","0","0","0","0","1995","0","371","826347.35913391388","976","38796342.927962489","16.796880000000002"
"07/14/2008 14:30:15.171","123901","58","313","2019604000","3035915.8340804693","0","0","0","0","0","0","1995","0","371","1311426.6427900773","976","27196686.015300896","30.078119999999998"
"07/14/2008 14:30:16.171","124026","61","310","2021707000","2102855.2517680977","0","0","0","0","0","0","1995","0","371","908019.49725919054","976","19991199.922954269","19.140630000000002"
"07/14/2008 14:30:17.171","124266","3","368","2024670000","2963015.3889688142","0","0","0","0","0","0","1995","0","371","1299585.7496391167","976","55378207.616970599","28.125"
"07/14/2008 14:30:18.171","124331","27","296","2026958000","2287964.4454769487","0","0","0","0","0","0","1995","0","371","976515.82513376325","976","40041873.75705985","19.921869999999998"
"07/14/2008 14:30:19.171","124448","105","266","2029333000","2374885.7130222553","0","0","0","0","0","0","1995","0","371","1022885.7755159666","976","47707912.145061098","22.65625"
"07/14/2008 14:30:20.171","124617","43","328","2031100000","1766671.5290768247","0","0","0","0","0","0","1995","0","371","784224.19199886196","976","44556195.825757541","17.1875"
"07/14/2008 14:30:21.171","124757","18","353","2032974000","1874198.8898428157","0","0","0","0","0","0","1995","0","371","819446.95964867098","976","36773694.421638869","17.96875"
"07/14/2008 14:30:22.171","124925","29","342","2035874000","2899898.5301939277","0","0","0","0","0","0","1995","0","371","1254135.1167931345","976","44038651.05181323","26.171880000000002"
"07/14/2008 14:30:23.171","125139","20","351","2039254000","3379737.1062106942","0","0","0","0","0","0","1995","0","371","1456802.6821988341","976","0","30.078119999999998"
"07/14/2008 14:30:24.171","125243","23","289","2041914000","2659984.7485030922","0","0","0","0","0","0","1995","0","371","1141959.4523718352","976","55377602.482640736","23.828130000000002"
"07/14/2008 14:30:25.171","125344","24","347","2042678000","763983.29475909646","0","0","0","0","0","0","1995","0","371","352728.28725149826","976","54197086.927761368","8.9843699999999966"
"07/14/2008 14:30:26.171","125412","119","252","2045307000","2628878.8627762189","0","0","0","0","0","0","1995","0","371","1106523.0120569537","976","17829066.446887542","27.34375"
"07/14/2008 14:30:27.171","125573","46","330","2046668000","1360910.5841889016","0","0","0","0","0","0","1995","0","376","579805.90505395259","985","42464537.955489859","23.046880000000002"
"07/14/2008 14:30:28.171","125716","20","351","2048570000","1901988.1317424113","0","0","0","0","0","0","1995","0","371","816421.90559098928","985","36585243.710932858","16.796869999999998"
"07/14/2008 14:30:29.171","125894","59","312","2052141000","3570855.0741948178","0","0","0","0","0","0","1995","0","371","1523056.1856335655","985","114683.34549125042","30.078130000000002"
"07/14/2008 14:30:30.171","125979","25","262","2054284000","2142895.4949716423","0","0","0","0","0","0","1995","0","371","899972.11003378336","994","46728985.114293277","17.1875"
"07/14/2008 14:30:31.171","126130","34","339","2055381000","1096968.3665701468","0","0","0","0","0","0","1995","0","373","476148.26924592","1004","26283274.065558314","12.109369999999997"
"07/14/2008 14:30:32.171","126180","2","370","2055696000","314989.57121939363","0","0","0","0","0","0","1995","0","372","145449.1844195101","1004","35973976.961478256","3.90625"
"07/14/2008 14:30:33.171","126223","1","371","2056325000","628979.52225517598","0","0","0","0","0","0","1995","0","372","249693.87069342122","1014","12361325.551173978","10.9375"
"07/14/2008 14:30:34.171","126226","1","371","2056385000","59994.564785350252","0","0","0","0","0","0","1995","0","372","28422.425067059681","1014","9964665.2499802224","26.171880000000002"
"07/14/2008 14:30:35.171","126227","1","371","2056403000","18000.355052565254","0","0","0","0","0","0","1995","0","372","8301.1637384080095","1014","0","25.78125"
"07/14/2008 14:30:36.171","126229","1","371","2056427000","23999.107694330862","0","0","0","0","0","0","1995","0","372","10329.615936768241","1014","20479.238565829","25.78125"
"07/14/2008 14:30:37.171","126263","0","373","2056938000","510969.1736150856","0","0","0","0","0","0","1995","0","373","171247.66875728438","1020","294894.20925473998","10.9375"
"07/14/2008 14:30:38.171","126276","0","373","2057133000","194996.30730358916","0","0","0","0","0","0","1995","0","373","58466.892797057691","1020","10190655.016882908","2.7343699999999971"
"07/14/2008 14:30:39.171","126292","4","356","2057648000","514966.78698852734","0","0","0","0","0","0","1995","0","373","137280.14605605425","1021","0","9.7656300000000034"
"07/14/2008 14:30:40.171","126312","15","358","2057945000","296998.1010921275","0","0","0","0","0","0","1995","0","373","75314.51846381677","1021","12582831.54952641","9.375"
"07/14/2008 14:30:41.171","126331","11","362","2058207000","261969.39417079012","0","0","0","0","0","0","1995","0","373","57864.239733045026","1021","5258649.6330696428","12.5"
"07/14/2008 14:30:42.171","126345","14","359","2058480000","273009.03682741994","0","0","0","0","0","0","1995","0","373","48937.619876141471","1021","3670137.4846198549","10.546869999999997"
"07/14/2008 14:30:43.171","126366","82","297","2059799000","1318948.2253345978","0","0","0","0","0","0","1995","0","379","389099.72608117666","1029","5242674.2013967065","23.046880000000002"
"07/14/2008 14:30:44.171","126473","57","317","2061020000","1220949.6456136706","0","0","0","0","0","0","1995","0","374","523597.40580391855","1037","27261851.667136777","10.546869999999997"
"07/14/2008 14:30:45.171","126592","45","329","2062687000","1666929.7835442361","0","0","0","0","0","0","1995","0","374","724932.46350784646","1052","30931689.057549842","17.96875"
"07/14/2008 14:30:46.171","126845","7","367","2065752000","3064861.8990490902","0","0","0","0","0","0","1995","0","374","1302944.2900641637","1092","24923036.981991313","33.203130000000002"
"07/14/2008 14:30:47.171","126878","4","278","2067662000","1909956.962045281","0","0","0","0","0","0","1995","0","371","803041.90468067187","1102","39066767.690227434","16.40625"
"07/14/2008 14:30:48.171","127007","68","303","2069382000","1719906.7198751657","0","0","0","0","0","0","1995","0","371","749712.33892242156","1102","41940765.318600506","15.625"
"07/14/2008 14:30:49.171","127163","19","352","2071135000","1752956.2336123169","0","0","0","0","0","0","1995","0","371","774201.67036141572","1102","40893443.005724177","16.40625"
"07/14/2008 14:30:50.171","127316","43","328","2074040000","2904906.2743706275","0","0","0","0","0","0","1995","0","371","1250360.6576176616","1102","39844602.429972224","26.171869999999998"
"07/14/2008 14:30:51.171","127505","30","341","2076865000","2824892.2564250194","0","0","0","0","0","0","1995","0","371","1207941.9281608304","1105","221175.56419295981","26.171880000000002"
"07/14/2008 14:30:52.171","127674","0","371","2079162000","2296901.8689654134","0","0","0","0","0","0","1995","0","371","1010653.8216185183","1105","49391553.833978958","20.703119999999998"
"07/14/2008 14:30:53.171","127688","6","338","2079916000","753961.93859220261","0","0","0","0","0","0","1995","0","371","325431.57160604134","1105","44300099.648173913","8.59375"
"07/14/2008 14:30:54.171","127734","185","186","2083188000","3271936.7378939493","0","0","0","0","0","0","1995","0","371","1377884.3589389331","1105","15728335.896426737","26.5625"
"07/14/2008 14:30:55.171","128052","68","303","2086498000","3309740.5526811667","0","0","0","0","0","0","1995","0","371","1460133.5415624075","1105","50720888.039286107","31.25"
"07/14/2008 14:30:56.265","128147","7","364","2087004000","457324.00515190745","0","0","0","0","0","0","1995","0","371","221999.17141789076","1105","51864663.523086965","4.6428617142857176"
"07/14/2008 14:30:57.265","128272","78","293","2090222000","3259180.1512515405","0","0","0","0","0","0","1995","0","371","1384746.4455558325","1105","4148.4157549802085","28.515619999999998"
"07/14/2008 14:30:58.265","128440","50","321","2092491000","2268947.0008967314","0","0","0","0","0","0","1995","0","371","986554.95559748588","1105","33029372.484789409","20.703130000000002"
"07/14/2008 14:30:59.265","128661","0","371","2095280000","2788877.4721998563","0","0","0","0","0","0","1995","0","371","1225971.1376313476","1105","56882748.887666523","23.828119999999998"
"07/14/2008 14:31:00.265","128702","3","362","2096113000","832968.43922034779","0","0","0","0","0","0","1995","0","371","365851.13807365252","1105","44824925.604798779","7.03125"
"07/14/2008 14:31:01.265","128714","1","189","2099110000","2996896.6420729095","0","0","0","0","0","0","1995","0","371","1251492.8381159029","1105","14159383.666660732","25"
"07/14/2008 14:31:02.281","129007","46","325","2101678000","2528389.0736899055","0","0","0","0","0","0","1995","0","371","1125346.7906070354","1105","57879032.001949944","30.76923076923077"
"07/14/2008 14:31:03.281","129069","11","360","2102122000","443986.24936275737","0","0","0","0","0","0","1995","0","371","204235.67464492857","1105","17759705.966582","6.6406300000000034"
"07/14/2008 14:31:04.296","129171","6","365","2103705000","1558585.9639268608","0","0","0","0","0","0","1995","0","371","679340.65733555483","1105","42328571.866161369","13.846153846153841"
"07/14/2008 14:31:05.296","129325","66","305","2107237000","3531863.4775238074","0","0","0","0","0","0","1995","0","371","1502318.9285877082","1105","0","29.296869999999998"
"07/14/2008 14:31:06.296","129527","2","369","2109487000","2249914.9374042866","0","0","0","0","0","0","1995","0","371","997806.27591077471","1105","56641442.555428647","19.921880000000002"
"07/14/2008 14:31:07.296","129575","21","350","2110558000","1070960.104557398","0","0","0","0","0","0","1995","0","371","464705.68876771955","1105","36829860.012789711","11.328119999999997"
"07/14/2008 14:31:08.296","129684","40","269","2113664000","3105469.3091015671","0","0","0","0","0","0","1995","0","371","1323349.853916103","1105","12580762.084715331","26.953130000000002"
"07/14/2008 14:31:09.296","129855","33","338","2115373000","1709141.8292254058","0","0","0","0","0","0","1995","0","371","760474.10620428319","1105","59839333.63023176","18.359369999999998"
"07/14/2008 14:31:10.296","129899","119","252","2117475000","2101921.8961860379","0","0","0","0","0","0","1995","0","371","888023.00258772029","1105","25099355.350987464","16.796880000000002"
"07/14/2008 14:31:11.296","130164","8","363","2120043000","2567934.7592230332","0","0","0","0","0","0","1995","0","371","1142612.9708520737","1105","55650938.136026278","25.78125"
"07/14/2008 14:31:12.296","130233","61","310","2122011000","1967928.956192818","0","0","0","0","0","0","1995","0","371","839537.69201874582","1105","14155264.983627716","17.578119999999998"
"07/14/2008 14:31:13.296","130468","22","349","2125232000","3220866.0176745262","0","0","0","0","0","0","1995","0","371","1399490.7836604675","1105","17825050.509448752","28.90625"
"07/14/2008 14:31:14.296","130593","3","366","2127034000","1801927.9282885846","0","0","0","0","0","0","1995","0","371","793278.27124895505","1105","59766441.521636218","16.015630000000002"
"07/14/2008 14:31:15.296","130599","0","305","2128113000","1078942.6319886791","0","0","0","0","0","0","1995","0","371","454166.85168264143","1105","36173948.60997735","9.7656199999999966"
"07/14/2008 14:31:16.296","130700","94","277","2130233000","2119870.8299354422","0","0","0","0","0","0","1995","0","371","906019.79350648855","1105","26839452.591948226","29.296880000000002"
"07/14/2008 14:31:17.296","130828","78","295","2132005000","1772020.1542623013","0","0","0","0","0","0","1995","0","373","767730.73186826322","1107","33554813.639291137","22.65625"
"07/14/2008 14:31:18.296","131066","6","365","2134689000","2683890.2470351225","0","0","0","0","0","0","1995","0","371","1117063.3196628757","1114","27118507.036414925","24.21875"
"07/14/2008 14:31:19.296","131169","3","368","2136334000","1644936.6995147171","0","0","0","0","0","0","1995","0","371","715364.47133084037","1114","28494775.463509932","13.671869999999997"
"07/14/2008 14:31:20.296","131237","12","359","2137604000","1269948.7963045791","0","0","0","0","0","0","1995","0","371","549678.83722631773","1114","33028812.294934578","11.71875"
"07/14/2008 14:31:21.296","131307","25","256","2140453000","2848865.8948753946","0","0","0","0","0","0","1995","0","371","1201100.4604039469","1114","17829048.730308201","24.609380000000002"
"07/14/2008 14:31:22.296","131503","42","329","2142447000","1993882.043412769","0","0","0","0","0","0","1995","0","371","881542.84857697098","1114","59568699.959760882","19.53125"
"07/14/2008 14:31:23.296","131557","125","246","2144696000","2248999.2831404395","0","0","0","0","0","0","1995","0","371","946674.6982512119","1114","24313848.250057746","18.75"
"07/14/2008 14:31:24.296","131833","5","366","2147227000","2530888.7688289997","0","0","0","0","0","0","1995","0","371","1128250.414014129","1114","60880268.345651887","23.4375"
"07/14/2008 14:31:25.296","131923","54","317","2149477000","2249916.2029184857","0","0","0","0","0","0","1995","0","371","955171.42508495902","1114","11468372.86579179","19.140619999999998"
"07/14/2008 14:31:26.296","132164","3","368","2152565000","3087883.2215761445","0","0","0","0","0","0","1995","0","371","1341140.2803850162","1114","23641217.929865289","26.953130000000002"
"07/14/2008 14:31:27.296","132195","5","285","2154472000","1906913.3032703761","0","0","0","0","0","0","1995","0","371","813360.02104887995","1114","58652053.417723648","17.96875"
"07/14/2008 14:31:28.296","132301","47","324","2155571000","1098974.6758188664","0","0","0","0","0","0","1995","0","371","491576.67237165134","1114","40434780.242679745","9.7656199999999966"
"07/14/2008 14:31:29.296","132410","116","255","2158481000","2909834.8834834928","0","0","0","0","0","0","1995","0","371","1234706.9374306174","1114","28834203.823556233","27.734380000000002"
"07/14/2008 14:31:30.296","132677","9","362","2161072000","2590927.4905618853","0","0","0","0","0","0","1995","0","371","1148919.8464438671","1114","60094830.192081138","25.78125"
"07/14/2008 14:31:31.296","132758","63","308","2163312000","2239923.5383658838","0","0","0","0","0","0","1995","0","371","951626.51544541901","1114","9637559.0139884334","19.140619999999998"
"07/14/2008 14:31:32.296","132904","5","366","2164747000","1434957.3930601934","0","0","0","0","0","0","1995","0","371","624202.46609994909","1114","21495169.762649793","28.125"
"07/14/2008 14:31:33.296","133007","17","354","2166651000","1903900.1821410488","0","0","0","0","0","0","1995","0","371","821538.92827931046","1114","38271017.523470975","17.578130000000002"
"07/14/2008 14:31:34.296","133107","35","255","2169895000","3243816.9050434814","0","0","0","0","0","0","1995","0","371","1372504.5299501824","1114","26737178.838804957","28.515619999999998"
"07/14/2008 14:31:35.296","133283","75","296","2172108000","2212981.958890094","0","0","0","0","0","0","1995","0","371","962673.15190523025","1114","15335298.980537804","22.265630000000002"
"07/14/2008 14:31:36.812","133395","28","343","2173182000","706702.08983063221","0","0","0","0","0","0","1995","0","371","320882.88735617936","1114","56887723.181737348","7.9896874226804133"
"07/14/2008 14:31:37.828","133579","1","304","2176823000","3598876.2646859358","0","0","0","0","0","0","1995","0","371","1540688.7143762128","1114","25133784.810325049","31.923081846153845"
"07/14/2008 14:31:38.828","133669","43","329","2177881000","1058055.7019687251","0","0","0","0","0","0","1995","0","372","469478.71598490159","1115","46401930.857116669","11.328119999999997"
"07/14/2008 14:31:39.843","133762","156","216","2181243000","3310163.9888228867","0","0","0","0","0","0","1995","0","372","1399220.6929696153","1115","24261607.702701595","28.846158769230769"
"07/14/2008 14:31:40.843","134006","103","269","2184378000","3134882.5021539391","0","0","0","0","0","0","1995","0","372","1360474.0083709692","1115","25037909.559582826","27.34375"
"07/14/2008 14:31:42.125","134139","17","355","2185171000","613588.67007594858","0","0","0","0","0","0","1995","0","372","290197.26445395272","1115","56895370.77693978","6.7073170731707261"
"07/14/2008 14:31:43.140","134263","59","313","2187861000","2677771.2702030046","0","0","0","0","0","0","1995","0","372","1144406.7727424873","1115","32358084.501916714","24.999995076923078"
"07/14/2008 14:31:44.140","134511","12","360","2191085000","3223873.0011404473","0","0","0","0","0","0","1995","0","372","1406122.6082498983","1115","47642795.19509685","32.421880000000002"
"07/14/2008 14:31:45.140","134614","29","343","2193107000","2021909.2123564375","0","0","0","0","0","0","1995","0","372","868089.02111996512","1115","17366260.221247647","17.96875"
"07/14/2008 14:31:46.140","134753","30","316","2195813000","2705353.6247015256","0","0","0","0","0","0","1995","0","372","1158871.1172821596","1115","27317889.086641669","31.25"
"07/14/2008 14:31:47.156","134823","99","273","2197647000","1806095.8762800598","0","0","0","0","0","0","1995","0","372","774713.69805868389","1115","49759473.717133686","24.999995076923078"
"07/14/2008 14:31:48.171","134943","92","280","2199456000","1781105.66910873","0","0","0","0","0","0","1995","0","372","774991.66623542598","1115","34908269.072257578","15.769235692307692"
"07/14/2008 14:31:49.171","135137","77","295","2202438000","2981882.5451147342","0","0","0","0","0","0","1995","0","372","1287535.2846190811","1115","50853932.888622411","28.515619999999998"
"07/14/2008 14:31:50.171","135321","7","365","2204317000","1878931.0206071483","0","0","0","0","0","0","1995","0","372","835856.31400864676","1115","48232725.278207242","17.578130000000002"
"07/14/2008 14:31:51.171","135465","40","332","2207203000","2885772.2937690574","0","0","0","0","0","0","1995","0","372","1232328.7612337575","1115","4095.6768244206719","26.5625"
"07/14/2008 14:31:52.171","135699","1","371","2210352000","3148995.3474175311","0","0","0","0","0","0","1995","0","372","1374400.9693479508","1115","50397109.539201409","28.515619999999998"
"07/14/2008 14:31:53.171","135729","5","312","2211821000","1448635.1193258755","0","0","0","0","0","0","1995","0","372","616866.10978411813","1115","48018209.072052047","13.28125"
"07/14/2008 14:31:54.171","135820","140","233","2214623000","2841755.7548685423","0","0","0","0","0","0","1995","0","373","1205094.0932855897","1116","32435333.659428842","25.78125"
"07/14/2008 14:31:55.171","135997","63","313","2216199000","1575938.6869018762","0","0","0","0","0","0","1995","0","376","630690.46250591171","1125","46135549.061231069","28.515630000000002"
"07/14/2008 14:31:56.171","136111","35","338","2217590000","1390940.6475657979","0","0","0","0","0","0","1995","0","373","600958.3566762642","1129","23849990.303822447","17.1875"
"07/14/2008 14:31:57.171","136269","54","296","2220864000","3273796.0614235858","0","0","0","0","0","0","1995","0","373","1399040.847839786","1129","6106755.5844160635","28.90625"
"07/14/2008 14:31:58.171","136388","98","275","2223131000","2266862.2898372691","0","0","0","0","0","0","1995","0","373","984119.21550496412","1129","50852846.728177153","21.484369999999998"
"07/14/2008 14:31:59.171","136510","17","356","2223818000","687011.21703543328","0","0","0","0","0","0","1995","0","373","324811.30329026334","1129","53478249.155198641","7.03125"
"07/14/2008 14:32:00.171","136619","100","273","2226980000","3161877.1033255481","0","0","0","0","0","0","1995","0","373","1343863.7663481522","1129","28834719.244515806","30.078130000000002"
"07/14/2008 14:32:01.171","136898","16","357","2230167000","3186868.8779190439","0","0","0","0","0","0","1995","0","373","1403295.2621381625","1129","49023006.973590896","30.46875"
"07/14/2008 14:32:02.171","136979","37","336","2231797000","1629942.5207954943","0","0","0","0","0","0","1995","0","373","704802.14546302194","1129","23854262.789937839","16.015619999999998"
"07/14/2008 14:32:03.171","137162","63","302","2235310000","3512832.4136424554","0","0","0","0","0","0","1995","0","373","1511256.902612536","1129","21494782.550479591","32.03125"
"07/14/2008 14:32:04.171","137272","129","244","2238093000","2782919.3311342495","0","0","0","0","0","0","1995","0","373","1192826.4233762601","1129","50395723.172234885","24.21875"
"07/14/2008 14:32:05.375","137431","21","352","2238923000","683080.85745953","0","0","0","0","0","0","1995","0","373","326317.60147623619","1129","56038886.95225542","8.1168872727272685"
"07/14/2008 14:32:06.390","137492","137","236","2241815000","2881165.6955051725","0","0","0","0","0","0","1995","0","373","1216547.3085846014","1129","15743167.56201545","24.999995076923078"
"07/14/2008 14:32:07.390","137740","2","371","2243671000","1855956.6685933226","0","0","0","0","0","0","1995","0","373","836880.46117766795","1129","14155445.509867085","18.359380000000002"
"07/14/2008 14:32:08.500","137750","8","365","2243932000","233093.65710655702","0","0","0","0","0","0","1995","0","373","109680.8360788141","1129","47759529.288515024","5.6338028169014116"
"07/14/2008 14:32:09.515","137854","107","266","2247264000","3314231.4589885357","0","0","0","0","0","0","1995","0","373","1403534.2521875461","1129","0","28.076918153846155"
"07/14/2008 14:32:10.515","138078","58","315","2250133000","2868840.1358817294","0","0","0","0","0","0","1995","0","373","1249548.3697874711","1129","27265552.646070722","27.34375"
"07/14/2008 14:32:11.515","138206","4","369","2251348000","1214874.6857240028","0","0","0","0","0","0","1995","0","373","540528.24453285953","1129","74899922.075987011","25.78125"
"07/14/2008 14:32:12.515","138361","1","350","2254207000","2859145.1283926121","0","0","0","0","0","0","1995","0","373","1225232.1920086662","1129","17367921.584679831","26.171880000000002"
"07/14/2008 14:32:13.531","138397","41","332","2255071000","850670.15466607234","0","0","0","0","0","0","1995","0","373","375925.3191828485","1129","49555128.227729529","11.153841230769235"
"07/14/2008 14:32:14.546","138469","175","198","2258437000","3314100.5784683605","0","0","0","0","0","0","1995","0","373","1401868.4830172246","1129","18583349.34849219","28.46153846153846"
"07/14/2008 14:32:15.546","138766","105","268","2262207000","3769846.6304192697","0","0","0","0","0","0","1995","0","373","1640817.2462357807","1129","69629.167259775757","34.375"
"07/14/2008 14:32:16.546","139010","9","364","2264589000","2381784.1237399378","0","0","0","0","0","0","1995","0","373","1064737.4960614999","1129","76408050.651875898","23.4375"
"07/14/2008 14:32:17.781","139033","12","361","2265021000","347024.00004250993","0","0","0","0","0","0","1995","0","373","159779.64983438759","1129","57382860.427770056","6.3291139240506329"
"07/14/2008 14:32:18.796","139183","54","319","2268207000","3169632.586424123","0","0","0","0","0","0","1995","0","373","1356841.5140393493","1129","22363367.58508309","31.538461538461537"
"07/14/2008 14:32:19.796","139369","19","354","2270608000","2400917.2324141539","0","0","0","0","0","0","1995","0","373","994952.70067807648","1138","33401728.53155439","28.90625"
"07/14/2008 14:32:20.796","139465","9","364","2271979000","1370945.3976410234","0","0","0","0","0","0","1995","0","373","599209.13454750064","1138","31677202.352397405","12.890630000000003"
"07/14/2008 14:32:21.796","139518","22","215","2275305000","3325344.9692657948","0","0","0","0","0","0","1995","0","373","1401920.8478260944","1138","21163959.096083708","29.296869999999998"
"07/14/2008 14:32:23.453","139764","69","305","2277841000","1518812.5373098864","0","0","0","0","0","0","1995","0","374","668883.60406925122","1139","46353737.012504406","13.443399245283016"
"07/14/2008 14:32:24.468","140053","16","358","2281651000","3802070.5008820994","0","0","0","0","0","0","1995","0","374","1649653.5256129117","1139","4896795.3712316193","34.230764307692304"
"07/14/2008 14:32:25.468","140148","17","329","2283710000","2058917.7961608891","0","0","0","0","0","0","1995","0","374","891004.42597921262","1139","70325512.201115966","21.875"
"07/14/2008 14:32:26.468","140204","42","332","2284580000","869974.51441516995","0","0","0","0","0","0","1995","0","374","384287.74243130506","1139","44899036.699161157","9.375"
"07/14/2008 14:32:27.468","140280","119","255","2287123000","2542867.159101536","0","0","0","0","0","0","1995","0","374","1080309.5639834409","1139","19921903.26788006","22.265630000000002"
"07/14/2008 14:32:28.468","140470","27","347","2288747000","1623906.0622682846","0","0","0","0","0","0","1995","0","374","727680.90600496484","1139","49804478.971415564","15.625"
"07/14/2008 14:32:29.468","140623","33","341","2291308000","2560791.5509723742","0","0","0","0","0","0","1995","0","374","1090232.2548409801","1139","0","31.640619999999998"
"07/14/2008 14:32:30.468","140728","33","341","2292961000","1653055.8705237224","0","0","0","0","0","0","1995","0","374","682535.06854379119","1148","41063787.887352265","23.4375"
"07/14/2008 14:32:31.468","140864","7","367","2294740000","1778929.2751034063","0","0","0","0","0","0","1995","0","374","775952.15046799695","1148","26602462.365822919","17.1875"
"07/14/2008 14:32:32.468","140906","15","280","2296815000","2074918.9157759727","0","0","0","0","0","0","1995","0","374","880784.58046981995","1148","35650190.852518559","17.96875"
"07/14/2008 14:32:33.468","141053","105","269","2299406000","2590911.3627916048","0","0","0","0","0","0","1995","0","374","1120097.6805372199","1148","49281386.043256186","25"
"07/14/2008 14:32:34.468","141251","15","359","2301186000","1779933.1131746087","0","0","0","0","0","0","1995","0","374","796690.06175756978","1148","51902561.590993725","17.578130000000002"
"07/14/2008 14:32:35.468","141401","78","296","2304706000","3519628.3846821948","0","0","0","0","0","0","1995","0","374","1495322.1183876502","1148","0","31.25"
"07/14/2008 14:32:36.468","141550","43","331","2306547000","1840961.2022276351","0","0","0","0","0","0","1995","0","374","809957.9303499884","1148","39361730.461899735","16.015619999999998"
"07/14/2008 14:32:37.468","141674","27","347","2308340000","1793017.555663696","0","0","0","0","0","0","1995","0","374","783825.67453720409","1148","39321985.006573111","18.359380000000002"
"07/14/2008 14:32:38.468","141800","3","340","2310495000","2154908.6788053429","0","0","0","0","0","0","1995","0","374","930389.57174578949","1148","32504478.518049527","19.921869999999998"
"07/14/2008 14:32:39.468","141853","126","248","2312852000","2356929.275328829","0","0","0","0","0","0","1995","0","374","1004976.8435343235","1148","46660231.860594191","20.703130000000002"
"07/14/2008 14:32:40.468","142063","11","363","2314405000","1552945.1428985409","0","0","0","0","0","0","1995","0","374","702016.20158765907","1148","55048295.443270423","13.671869999999997"
"07/14/2008 14:32:41.468","142172","114","260","2317919000","3513842.2084957184","0","0","0","0","0","0","1995","0","374","1486196.2613333729","1148","4095.8160745584701","30.078130000000002"
"07/14/2008 14:32:42.468","142385","65","309","2320558000","2638637.84158833","0","0","0","0","0","0","1995","0","374","1149794.1884085576","1148","28831882.765436314","24.21875"
"07/14/2008 14:32:43.468","142577","3","371","2322657000","2099135.9199757385","0","0","0","0","0","0","1995","0","374","931747.33105023159","1148","71504405.941790968","19.53125"
"07/14/2008 14:32:44.468","142642","12","362","2323856000","1198947.4957480954","0","0","0","0","0","0","1995","0","374","518202.30690913828","1148","34404893.342541516","11.328119999999997"
"07/14/2008 14:32:45.468","142721","15","300","2326164000","2307938.8894270137","0","0","0","0","0","0","1995","0","374","974759.18991772598","1148","17301045.895657293","28.515630000000002"
"07/14/2008 14:32:46.468","142817","44","330","2327267000","1102957.163057945","0","0","0","0","0","0","1995","0","374","485163.15710496815","1148","45680913.832584977","14.84375"
"07/14/2008 14:32:47.468","142913","111","263","2329906000","2638905.0203982983","0","0","0","0","0","0","1995","0","374","1128273.3911275808","1148","25164918.263001129","24.21875"
"07/14/2008 14:32:48.468","143164","91","283","2333714000","3807859.4631835725","0","0","0","0","0","0","1995","0","374","1637706.5571007798","1148","0","35.15625"
"07/14/2008 14:32:49.468","143331","5","369","2335031000","1316901.0855036462","0","0","0","0","0","0","1995","0","374","601862.79314603552","1148","70839095.164974853","12.890619999999997"
"07/14/2008 14:32:50.468","143347","47","327","2335984000","953006.48989307252","0","0","0","0","0","0","1995","0","374","405043.75831351522","1148","38732039.761893757","10.15625"
"07/14/2008 14:32:51.468","143548","3","373","2338554000","2569882.8822639659","0","0","0","0","0","0","1995","0","376","1106011.5955341039","1150","4198208.6742790015","28.90625"
"07/14/2008 14:32:52.468","143590","10","356","2339460000","905928.31252390263","0","0","0","0","0","0","1995","0","377","366387.00724255882","1159","53092246.730301484","12.890630000000003"
"07/14/2008 14:32:53.484","143620","121","253","2341630000","2136592.7810611315","0","0","0","0","0","0","1995","0","374","885378.44874255895","1159","17410210.397605691","19.23076923076923"
"07/14/2008 14:32:54.484","143803","71","303","2343786000","2155943.8033322948","0","0","0","0","0","0","1995","0","374","941939.44747778366","1159","47708964.421750866","23.4375"
"07/14/2008 14:32:55.500","143976","115","259","2347355000","3513931.5003036396","0","0","0","0","0","0","1995","0","374","1499256.4359625576","1159","0","31.538461538461537"
"07/14/2008 14:32:56.515","144171","16","337","2349184000","1800782.4008821517","0","0","0","0","0","0","1995","0","374","793096.46948507067","1162","72138858.569857731","24.615384615384617"
"07/14/2008 14:32:57.531","144249","57","317","2350813000","1603906.0250419769","0","0","0","0","0","0","1995","0","374","684296.80731875321","1162","23338409.986308042","13.076923076923075"
"07/14/2008 14:32:58.531","144353","65","284","2353083000","2269925.621141945","0","0","0","0","0","0","1995","0","374","970001.21588246","1162","20020591.983452387","20.3125"
"07/14/2008 14:32:59.640","144497","13","361","2354135000","936731.72416454693","0","0","0","0","0","0","1995","0","374","430990.97863162454","1162","57895633.820278823","11.971830985915489"
"07/14/2008 14:33:00.656","144523","177","197","2357227000","3085735.5645347643","0","0","0","0","0","0","1995","0","374","1288145.9000693588","1162","2178744.8709425074","25.769225846153844"
"07/14/2008 14:33:01.656","144813","112","262","2360944000","3716862.9470380689","0","0","0","0","0","0","1995","0","374","1608999.6708899995","1162","6029089.6876330357","35.15625"
"07/14/2008 14:33:03.343","144992","6","368","2362109000","684928.6090564453","0","0","0","0","0","0","1995","0","374","324056.48070886015","1162","68544917.831619039","8.7962962962962905"
"07/14/2008 14:33:04.343","145060","34","247","2365165000","3096666.2875045817","0","0","0","0","0","0","1995","0","374","1299530.8018339539","1162","5312647.16800786","28.125"
"07/14/2008 14:33:05.343","145256","88","286","2367746000","2581357.1617924725","0","0","0","0","0","0","1995","0","374","1127730.0350061937","1162","63185446.466037646","25.390630000000002"
"07/14/2008 14:33:06.343","145367","50","324","2368965000","1218953.7641379824","0","0","0","0","0","0","1995","0","374","539005.55510109931","1162","34908883.878949881","11.71875"
"07/14/2008 14:33:07.343","145544","82","292","2372360000","3394843.1092868382","0","0","0","0","0","0","1995","0","374","1452482.8743430329","1162","0","31.640619999999998"
"07/14/2008 14:33:08.343","145741","7","367","2374344000","1983937.2463693963","0","0","0","0","0","0","1995","0","374","884500.02250838175","1162","62978103.948750116","20.3125"
"07/14/2008 14:33:09.343","145758","50","324","2375321000","976972.84537919541","0","0","0","0","0","0","1995","0","374","417037.40859012085","1162","35060785.497648373","10.546880000000003"
"07/14/2008 14:33:10.343","145968","13","319","2378885000","3563751.0706446432","0","0","0","0","0","0","1995","0","374","1528999.1988297272","1162","4718262.4275912596","34.375"
"07/14/2008 14:33:11.343","146060","69","305","2380617000","1731883.4760065754","0","0","0","0","0","0","1995","0","374","743459.97877924307","1162","62259107.103987478","23.828119999999998"
"07/14/2008 14:33:12.359","146147","8","366","2381082000","457854.05320905044","0","0","0","0","0","0","1995","0","374","212587.05238301083","1162","38846378.032531641","10.384620307692305"
"07/14/2008 14:33:13.359","146158","23","351","2381499000","416984.33200957469","0","0","0","0","0","0","1995","0","374","162141.90759397726","1162","0","26.953119999999998"
"07/14/2008 14:33:14.375","146191","89","285","2383115000","1591000.2474449491","0","0","0","0","0","0","1995","0","374","664317.42757732922","1162","11355898.162198752","25.769235692307689"
"07/14/2008 14:33:15.390","146302","10","364","2383607000","484427.79786232655","0","0","0","0","0","0","1995","0","374","234080.04113006435","1162","28908256.406496007","4.9999950769230805"
"07/14/2008 14:33:16.390","146394","124","250","2386984000","3376933.9859869163","0","0","0","0","0","0","1995","0","374","1426923.1057856134","1162","57342.879032405603","28.125"
"07/14/2008 14:33:17.390","146670","9","365","2389634000","2649884.8506931793","0","0","0","0","0","0","1995","0","374","1180059.7211458033","1162","64877820.769538842","25.78125"
"07/14/2008 14:33:18.390","146689","61","313","2390791000","1156963.1005693541","0","0","0","0","0","0","1995","0","374","493260.26827696525","1162","31587344.573721834","12.5"
"07/14/2008 14:33:19.390","146934","30","332","2394507000","3715788.1887866738","0","0","0","0","0","0","1995","0","374","1602784.6364073274","1162","4718323.0412549218","34.765630000000002"
"07/14/2008 14:33:20.390","146998","55","319","2395778000","1270968.3628154933","0","0","0","0","0","0","1995","0","374","553927.21153924253","1162","66779521.711534396","12.109369999999997"
"07/14/2008 14:33:21.390","147066","57","317","2396925000","1146963.2775622911","0","0","0","0","0","0","1995","0","374","503264.88691789663","1162","32312309.453563899","13.671880000000003"
"07/14/2008 14:33:22.390","147191","111","263","2399812000","2886638.4205828821","0","0","0","0","0","0","1995","0","374","1232916.5652603239","1162","32501784.836693663","25.390619999999998"
"07/14/2008 14:33:23.390","147432","90","284","2403449000","3637166.6847191434","0","0","0","0","0","0","1995","0","374","1568465.8799321959","1162","0","33.203130000000002"
"07/14/2008 14:33:24.390","147629","7","367","2405266000","1816918.7711194011","0","0","0","0","0","0","1995","0","374","814992.56417538482","1162","66843731.621223271","17.578119999999998"
"07/14/2008 14:33:25.406","147649","23","351","2405860000","584848.22082423093","0","0","0","0","0","0","1995","0","374","258392.63919230283","1162","47233240.26254838","6.1538461538461542"
"07/14/2008 14:33:26.421","147873","7","361","2409378000","3463641.4932487449","0","0","0","0","0","0","1995","0","374","1490155.4499643808","1162","5230425.5248953598","32.692312615384608"
"07/14/2008 14:33:27.421","147891","110","264","2411290000","1911893.4323921734","0","0","0","0","0","0","1995","0","374","814600.59473041561","1162","63435312.159898207","17.578119999999998"
"07/14/2008 14:33:28.421","148030","87","287","2413179000","1889016.4129861961","0","0","0","0","0","0","1995","0","374","825992.1767498164","1162","36700478.877299882","27.734380000000002"
"07/14/2008 14:33:29.421","148141","27","347","2413999000","819970.35844206181","0","0","0","0","0","0","1995","0","374","357697.06941257307","1162","28834797.635095052","30.46875"
"07/14/2008 14:33:30.421","148184","122","252","2416251000","2251904.9482802795","0","0","0","0","0","0","1995","0","374","945486.09153093235","1162","0","27.34375"
"07/14/2008 14:33:31.421","148368","12","362","2417474000","1222949.1870964374","0","0","0","0","0","0","1995","0","374","565199.51625364658","1162","56948417.822816685","13.671869999999997"
"07/14/2008 14:33:32.421","148438","87","287","2419893000","2418920.4578186725","0","0","0","0","0","0","1995","0","374","1022047.3916691884","1162","2822051.2015337823","21.484380000000002"
"07/14/2008 14:33:33.421","148723","26","348","2423544000","3650872.3762242054","0","0","0","0","0","0","1995","0","374","1587837.493864635","1162","18349438.557519656","33.984369999999998"
"07/14/2008 14:33:34.421","148825","24","318","2425652000","2107680.6824642732","0","0","0","0","0","0","1995","0","374","891117.99396979646","1166","71751049.582801983","26.171880000000002"
"07/14/2008 14:33:35.421","148899","45","327","2426625000","973071.22062505782","0","0","0","0","0","0","1995","0","372","359409.30573678843","1171","33806762.370525174","9.375"
"07/14/2008 14:33:36.421","148984","8","353","2427537000","911966.96782936866","0","0","0","0","0","0","1995","0","361","403094.39959948353","1171","36473558.898618512","12.109369999999997"
"07/14/2008 14:33:37.421","149153","29","345","2430337000","2799888.5588286519","0","0","0","0","0","0","1995","0","374","1241494.5860294141","1195","1994672.6080359181","28.515630000000002"
"07/14/2008 14:33:38.421","149286","5","369","2432139000","1801927.4350368439","0","0","0","0","0","0","1995","0","374","789505.20603589597","1195","41630067.526099063","17.96875"
"07/14/2008 14:33:39.421","149315","9","285","2433978000","1838905.548095803","0","0","0","0","0","0","1995","0","374","777054.08808698202","1195","35125491.845570154","16.40625"
"07/14/2008 14:33:40.421","149450","113","261","2436591000","2612949.1265164255","0","0","0","0","0","0","1995","0","374","1128963.019364771","1195","42990778.979996011","24.609369999999998"
"07/14/2008 14:33:41.421","149643","19","355","2438196000","1604887.3684062709","0","0","0","0","0","0","1995","0","374","724330.16623894265","1195","50332211.666624136","16.015630000000002"
"07/14/2008 14:33:42.421","149776","95","279","2441631000","3434919.2503514434","0","0","0","0","0","0","1995","0","374","1455982.7720928553","1195","0","29.6875"
"07/14/2008 14:33:43.421","150019","7","367","2444134000","2502947.4950752333","0","0","0","0","0","0","1995","0","374","1112661.6594317963","1195","66321040.767757691","23.828119999999998"
"07/14/2008 14:33:44.421","150201","3","370","2447035000","2900872.4212256488","0","0","0","0","0","0","1995","0","374","1253658.8647723177","1195","32242294.001634788","28.125"
"07/14/2008 14:33:45.421","150207","0","273","2448720000","1684941.2320905998","0","0","0","0","0","0","1995","0","374","716313.01620968315","1195","49281353.149489462","14.84375"
"07/14/2008 14:33:46.421","150364","85","289","2451079000","2358917.7691544527","0","0","0","0","0","0","1995","0","374","1029414.1150725102","1195","41495129.497866981","21.09375"
"07/14/2008 14:33:47.421","150507","15","359","2452276000","1196941.4388759402","0","0","0","0","0","0","1995","0","374","536386.75693547179","1195","7601804.0768823223","12.109380000000003"
"07/14/2008 14:33:48.421","150605","92","282","2455145000","2868806.2289054072","0","0","0","0","0","0","1995","0","374","1220789.5428010465","1195","29620271.323781885","24.609369999999998"
"07/14/2008 14:33:49.421","150795","78","296","2457985000","2840015.7299405001","0","0","0","0","0","0","1995","0","374","1232277.8251934894","1195","25690254.290117323","24.609380000000002"
"07/14/2008 14:33:50.421","150999","6","368","2460178000","2192907.2082913774","0","0","0","0","0","0","1995","0","374","968532.01707998384","1195","70055019.6588974","25"
"07/14/2008 14:33:51.421","151027","27","347","2460969000","790961.11782617623","0","0","0","0","0","0","1995","0","374","343135.13211667258","1195","33229214.513769601","12.5"
"07/14/2008 14:33:52.421","151161","57","296","2463958000","2988910.5803854568","0","0","0","0","0","0","1995","0","374","1267739.0728903757","1198","7339812.4139069337","28.90625"
"07/14/2008 14:33:53.421","151283","44","330","2465423000","1464953.5743703567","0","0","0","0","0","0","1995","0","374","651183.36344319035","1198","66582465.944801822","15.234369999999997"
"07/14/2008 14:33:54.421","151338","156","217","2468153000","2729895.5725625837","0","0","0","0","0","0","1995","0","373","1150719.9811957544","1198","14679502.46100197","23.046880000000002"
"07/14/2008 14:33:55.421","151612","9","364","2470278000","2124731.9524792992","0","0","0","0","0","0","1995","0","373","961529.69733349199","1198","70245730.085080728","22.265619999999998"
"07/14/2008 14:33:56.421","151700","81","292","2472920000","2642108.1038044048","0","0","0","0","0","0","1995","0","373","1120601.8502523273","1198","1642563.2066867219","23.828130000000002"
"07/14/2008 14:33:57.421","151948","29","344","2476088000","3167838.1334143104","0","0","0","0","0","0","1995","0","373","1380133.4795110368","1198","23067493.323493358","28.90625"
"07/14/2008 14:33:58.421","152056","24","343","2477857000","1768944.4912157254","0","0","0","0","0","0","1995","0","373","777013.61761745892","1198","72021803.984041184","18.359369999999998"
"07/14/2008 14:33:59.421","152093","80","293","2479226000","1368967.5096734965","0","0","0","0","0","0","1995","0","373","583989.13992100139","1198","30735654.536777433","12.890630000000003"
"07/14/2008 14:34:00.421","152224","106","267","2481858000","2631882.5241021323","0","0","0","0","0","0","1995","0","373","1129292.5932435694","1198","34601463.539728828","25.78125"
"07/14/2008 14:34:01.421","152454","21","352","2484211000","2352926.9690009281","0","0","0","0","0","0","1995","0","373","1045036.5637768088","1198","60291248.658397466","24.21875"
"07/14/2008 14:34:02.421","152605","83","290","2487675000","3463061.7384385113","0","0","0","0","0","0","1995","0","373","1473824.690614254","1198","196554.74661400658","27.734369999999998"
"07/14/2008 14:34:03.453","152749","2","371","2488708000","995661.76171549002","0","0","0","0","0","0","1995","0","373","450524.89899424429","1198","126334.3450450849","10.984853333333334"
"07/14/2008 14:34:04.625","152769","14","359","2489248000","457883.14827575965","0","0","0","0","0","0","1995","0","373","207997.65976304415","1198","69684849.679207101","6.3333290666666713"
"07/14/2008 14:34:05.640","152966","37","336","2492839000","3584495.8746378212","0","0","0","0","0","0","1995","0","373","1535413.966685574","1198","130834.59851866569","32.692312615384608"
"07/14/2008 14:34:06.640","153146","1","372","2495199000","2359849.0305453888","0","0","0","0","0","0","1995","0","373","1028085.2290696069","1198","51929861.828616656","27.34375"
"07/14/2008 14:34:07.640","153160","4","285","2496859000","1659965.8134314043","0","0","0","0","0","0","1995","0","373","705520.46998754574","1198","47250482.888468802","15.234369999999997"
"07/14/2008 14:34:08.656","153287","94","279","2499022000","2129649.0191403395","0","0","0","0","0","0","1995","0","373","925066.16961644171","1198","35940709.067008033","20.384620307692302"
"07/14/2008 14:34:09.671","153469","134","239","2502653000","3575065.8314089067","0","0","0","0","0","0","1995","0","373","1529101.242859768","1198","3807060.1336561921","31.538461538461537"
"07/14/2008 14:34:11.015","153656","18","355","2503820000","868196.42415119079","0","0","0","0","0","0","1995","0","373","407411.02944735927","1198","69282116.308790088","9.3023255813953547"
"07/14/2008 14:34:12.015","153731","110","263","2506553000","2733905.6222561505","0","0","0","0","0","0","1995","0","373","1163092.2811330338","1198","19450154.977800723","25.78125"
"07/14/2008 14:34:13.015","153989","42","331","2509655000","3101878.5978665543","0","0","0","0","0","0","1995","0","373","1356049.9265643544","1198","39582194.821737148","29.6875"
"07/14/2008 14:34:14.015","154069","61","312","2511284000","1628816.9314093518","0","0","0","0","0","0","1995","0","373","706295.61689642782","1198","49015418.98084639","15.625"
"07/14/2008 14:34:15.031","154364","5","368","2515202000","3857860.2167978832","0","0","0","0","0","0","1995","0","373","1674149.8514267909","1198","0","34.615384615384613"
"07/14/2008 14:34:16.046","154411","9","308","2516926000","1697352.1379188688","0","0","0","0","0","0","1995","0","378","653226.56100387871","1207","41810910.656903617","24.999995076923078"
"07/14/2008 14:34:17.046","154522","4","369","2517681000","754997.78599666769","0","0","0","0","0","0","1995","0","373","336541.01310581528","1207","55025502.639730513","8.2031300000000034"
"07/14/2008 14:34:18.046","154623","10","363","2519457000","1775925.6051864268","0","0","0","0","0","0","1995","0","373","770531.72186648299","1207","21036174.779358532","21.875"
"07/14/2008 14:34:19.046","154687","12","243","2522469000","3011613.7314866385","0","0","0","0","0","0","1995","0","375","1270620.0307237003","1209","16971647.222522397","27.34375"
"07/14/2008 14:34:20.125","154872","5","368","2523421000","875895.26164343511","0","0","0","0","0","0","1995","0","373","412645.11444518802","1210","57756916.296916053","10.144927536231885"
"07/14/2008 14:34:21.140","155058","10","329","2527100000","3653920.3795028087","0","0","0","0","0","0","1995","0","373","1565578.2517802082","1210","11919467.673856882","31.538461538461537"
"07/14/2008 14:34:22.140","155125","132","241","2529574000","2473939.8005198729","0","0","0","0","0","0","1995","0","373","1055679.3116846534","1210","46709647.393325329","23.046869999999998"
"07/14/2008 14:34:23.203","155289","16","357","2530374000","749278.03544171224","0","0","0","0","0","0","1995","0","373","359839.83992333803","1210","58434575.543542586","12.5"
"07/14/2008 14:34:24.203","155377","130","243","2533664000","3306718.2401726805","0","0","0","0","0","0","1995","0","373","1401010.2846106943","1210","23185896.194213007","28.90625"
"07/14/2008 14:34:25.218","155678","29","344","2536972000","3257194.0750214187","0","0","0","0","0","0","1995","0","373","1435000.7647614919","1210","55301751.681323268","30.76923076923077"
"07/14/2008 14:34:26.218","155773","46","327","2538797000","1824933.6530852115","0","0","0","0","0","0","1995","0","373","788181.3450401614","1210","23002299.733093668","17.1875"
"07/14/2008 14:34:27.218","156008","17","334","2542492000","3694823.5097241276","0","0","0","0","0","0","1995","0","373","1600063.5699187999","1210","24693604.462993026","34.765630000000002"
"07/14/2008 14:34:28.218","156082","122","251","2545115000","2622931.6308629913","0","0","0","0","0","0","1995","0","373","1117562.8696909768","1210","56162888.06241826","26.171869999999998"
"07/14/2008 14:34:29.359","156238","12","361","2545857000","646011.33070992026","0","0","0","0","0","0","1995","0","373","315035.87058229354","1210","57457355.20133581","8.9041095890410986"
"07/14/2008 14:34:30.375","156306","120","253","2548767000","2887645.7431662334","0","0","0","0","0","0","1995","0","373","1219457.7589297243","1210","17688856.490504019","25.384615384615383"
"07/14/2008 14:34:31.390","156478","47","329","2550309000","1518198.1632106795","0","0","0","0","0","0","1995","0","376","643303.48875620146","1219","44392791.672524296","29.615389538461535"
"07/14/2008 14:34:32.406","156639","49","324","2553001000","2650454.0360784559","0","0","0","0","0","0","1995","0","373","1132875.1407485369","1219","790426.0428782918","23.076923076923073"
"07/14/2008 14:34:33.406","156796","7","366","2554855000","1853946.2733085831","0","0","0","0","0","0","1995","0","373","822097.17592164269","1219","61720835.352549568","17.578119999999998"
"07/14/2008 14:34:34.406","156883","44","330","2556876000","2020952.3844308266","0","0","0","0","0","0","1995","0","374","866303.58905969898","1220","20577819.166918565","19.140630000000002"
"07/14/2008 14:34:35.421","157031","0","321","2559466000","2549984.7372029903","0","0","0","0","0","0","1995","0","374","1100375.5180084023","1220","21937981.43270037","24.230764307692311"
"07/14/2008 14:34:36.421","157115","71","303","2561086000","1619986.1614411979","0","0","0","0","0","0","1995","0","374","703021.99450968055","1220","60816888.478224196","16.40625"
"07/14/2008 14:34:37.421","157229","148","226","2564221000","3134276.8490955327","0","0","0","0","0","0","1995","0","374","1337342.4438499166","1220","29959423.66093079","27.734380000000002"
"07/14/2008 14:34:38.421","157529","88","286","2568168000","3947575.0459378054","0","0","0","0","0","0","1995","0","374","1709319.9978049076","1220","0","34.765619999999998"
"07/14/2008 14:34:39.421","157703","6","368","2569680000","1511939.918148601","0","0","0","0","0","0","1995","0","374","686329.72645550221","1220","70907134.274339437","16.015630000000002"
"07/14/2008 14:34:40.421","157725","4","370","2569979000","298992.72559791623","0","0","0","0","0","0","1995","0","374","138532.62954325392","1220","53345006.13222415","5.0781199999999966"
"07/14/2008 14:34:41.421","157904","12","325","2573693000","3713782.5932423477","0","0","0","0","0","0","1995","0","374","1590159.9112147072","1220","5766830.4067593655","32.8125"
"07/14/2008 14:34:42.421","157975","117","257","2575908000","2214960.1478276928","0","0","0","0","0","0","1995","0","374","948596.93258303334","1220","65538916.805779308","19.53125"
"07/14/2008 14:34:43.421","158119","53","321","2577219000","1310941.0821282135","0","0","0","0","0","0","1995","0","374","586617.63553319883","1220","37747039.527698129","12.890630000000003"
"07/14/2008 14:34:44.421","158272","121","253","2580837000","3617652.6825515479","0","0","0","0","0","0","1995","0","374","1536211.5140166427","1220","0","30.078119999999998"
"07/14/2008 14:34:45.421","158505","5","369","2582740000","1903026.6753429798","0","0","0","0","0","0","1995","0","374","860819.06638043327","1220","67896247.723755926","18.359380000000002"
"07/14/2008 14:34:46.421","158519","66","308","2583969000","1228971.5512004141","0","0","0","0","0","0","1995","0","374","518667.99363436189","1220","33291517.352620773","11.71875"
"07/14/2008 14:34:47.421","158787","36","337","2587876000","3906735.6540362942","0","0","0","0","0","0","1995","0","374","1686306.8974700642","1220","3739394.9770016684","35.9375"
"07/14/2008 14:34:48.421","158845","51","323","2589034000","1157988.4709213998","0","0","0","0","0","0","1995","0","374","509379.92854947952","1220","70188357.195903718","11.328119999999997"
"07/14/2008 14:34:49.421","158908","73","301","2590440000","1405947.1405631257","0","0","0","0","0","0","1995","0","374","603663.30405262532","1220","32045899.169366367","14.0625"
"07/14/2008 14:34:50.421","159074","86","288","2593411000","2970839.4429892665","0","0","0","0","0","0","1995","0","374","1273728.1622219451","1220","43542222.789984442","28.90625"
"07/14/2008 14:34:51.421","159184","8","366","2593923000","511914.95919041458","0","0","0","0","0","0","1995","0","374","238731.3412516689","1220","0","13.671880000000003"
"07/14/2008 14:34:52.421","159221","45","329","2595160000","1237103.303020031","0","0","0","0","0","0","1995","0","374","528203.10704911605","1220","38280316.55787719","16.40625"
"07/14/2008 14:34:53.421","159427","71","303","2598947000","3786956.104993735","0","0","0","0","0","0","1995","0","374","1620436.2173534785","1220","0","32.03125"
"07/14/2008 14:34:54.421","159601","5","369","2600694000","1746929.1912940012","0","0","0","0","0","0","1995","0","374","782112.29845189198","1220","70251744.46894677","18.359369999999998"
"07/14/2008 14:34:55.421","159701","1","372","2602291000","1596922.4144943105","0","0","0","0","0","0","1995","0","374","693986.28309789696","1220","29358701.625311214","18.359380000000002"
"07/14/2008 14:34:56.421","159704","0","238","2604477000","2185929.5046546664","0","0","0","0","0","0","1995","0","374","871767.88583710871","1229","27262096.808367826","21.484369999999998"
"07/14/2008 14:34:57.421","159902","35","344","2605948000","1470955.2265212671","0","0","0","0","0","0","1995","0","379","665853.73249804368","1238","51423714.745968446","14.0625"
"07/14/2008 14:34:58.421","159988","123","251","2608849000","2900640.8217625702","0","0","0","0","0","0","1995","0","374","1208287.3811541866","1238","5868841.2778046485","25.78125"
"07/14/2008 14:34:59.421","160274","64","310","2612530000","3681150.6584103419","0","0","0","0","0","0","1995","0","374","1595861.3137974979","1238","16151189.019525852","33.984380000000002"
"07/14/2008 14:35:00.421","160466","5","369","2614714000","2183914.5417623152","0","0","0","0","0","0","1995","0","374","965622.21446803911","1238","69662042.071290299","19.53125"
"07/14/2008 14:35:01.421","160484","14","360","2615186000","465180.87780426652","0","0","0","0","0","0","1995","0","374","208201.95160945447","1238","54836215.704672813","4.2968699999999966"
"07/14/2008 14:35:02.421","160571","39","252","2618395000","3256450.7133060079","0","0","0","0","0","0","1995","0","374","1369516.634808342","1238","4792521.2546967044","29.6875"
"07/14/2008 14:35:03.421","160768","52","322","2620448000","2052952.5773882451","0","0","0","0","0","0","1995","0","374","911023.95560968027","1238","71498124.413970858","19.53125"
"07/14/2008 14:35:04.421","160833","46","331","2621277000","828975.66261498258","0","0","0","0","0","0","1995","0","377","338384.06559099443","1247","2949033.4211472827","19.53125"
"07/14/2008 14:35:05.421","161026","35","339","2624236000","2958269.1465559928","0","0","0","0","0","0","1995","0","374","1263018.9655923382","1249","27002352.949574292","28.125"
"07/14/2008 14:35:06.421","161173","20","346","2626555000","2319409.895489349","0","0","0","0","0","0","1995","0","374","1008061.1486397118","1249","40106927.858361199","21.875"
"07/14/2008 14:35:07.421","161218","33","341","2627356000","800962.73767681548","0","0","0","0","0","0","1995","0","374","348563.78414405038","1249","30014091.686873414","9.7656300000000034"
"07/14/2008 14:35:08.421","161260","73","301","2628723000","1366935.1568240379","0","0","0","0","0","0","1995","0","374","581280.42585447535","1249","31427117.194763139","11.328119999999997"
"07/14/2008 14:35:09.421","161406","68","306","2631010000","2286939.2739453302","0","0","0","0","0","0","1995","0","374","989533.72449730686","1249","38272007.747377433","21.09375"
"07/14/2008 14:35:10.421","161583","103","271","2634493000","3482854.7275916487","0","0","0","0","0","0","1995","0","374","1484245.0910558074","1249","0","30.46875"
"07/14/2008 14:35:11.421","161771","9","365","2636008000","1514936.9528994516","0","0","0","0","0","0","1995","0","374","687783.37653312052","1249","70120601.792332515","16.796880000000002"
"07/14/2008 14:35:12.421","161821","58","316","2637653000","1644700.0721321939","0","0","0","0","0","0","1995","0","374","700218.30803495052","1249","25325045.719078563","16.40625"
"07/14/2008 14:35:13.421","162029","2","372","2640059000","2406138.5106396554","0","0","0","0","0","0","1995","0","374","1012396.2791288143","1258","14070569.979824353","31.640619999999998"
"07/14/2008 14:35:14.421","162046","3","245","2642394000","2335023.3703730288","0","0","0","0","0","0","1995","0","374","981667.82514503063","1258","53039634.85380967","21.09375"
"07/14/2008 14:35:15.421","162232","82","295","2644626000","2231904.5119489376","0","0","0","0","0","0","1995","0","377","966437.65268991806","1267","53475088.163794719","23.4375"
"07/14/2008 14:35:16.421","162432","101","273","2648199000","3572911.7189210788","0","0","0","0","0","0","1995","0","374","1527489.2581215668","1267","16825952.256948959","32.03125"
"07/14/2008 14:35:17.421","162626","8","366","2649859000","1659934.7155836914","0","0","0","0","0","0","1995","0","374","751289.45215519483","1267","69477715.475606903","15.234380000000003"
"07/14/2008 14:35:18.421","162717","44","330","2651915000","2055918.6483159822","0","0","0","0","0","0","1995","0","374","881482.12018850178","1267","16502131.018837849","18.359369999999998"
"07/14/2008 14:35:19.421","162871","11","337","2654329000","2413619.4071471463","0","0","0","0","0","0","1995","0","374","1045200.1870556654","1267","23589240.31816335","23.4375"
"07/14/2008 14:35:20.421","162926","85","289","2656032000","1703138.8466588908","0","0","0","0","0","0","1995","0","374","731402.62685381866","1267","55054728.280619569","16.015630000000002"
"07/14/2008 14:35:21.421","163081","75","299","2658416000","2383917.9704080084","0","0","0","0","0","0","1995","0","374","1035691.3623056943","1267","40368786.927405238","22.65625"
"07/14/2008 14:35:22.421","163271","72","303","2661428000","3011900.2584048375","0","0","0","0","0","0","1995","0","375","1275105.7738062455","1276","4095.8643620272956","29.296869999999998"
"07/14/2008 14:35:23.421","163332","94","265","2662983000","1554921.1898046222","0","0","0","0","0","0","1995","0","374","665800.25433592976","1276","49833506.220309474","13.671880000000003"
"07/14/2008 14:35:24.421","163486","2","354","2663933000","949965.55586695299","0","0","0","0","0","0","1995","0","379","433876.2683854989","1286","51001542.770926423","14.84375"
"07/14/2008 14:35:25.421","163527","114","260","2666089000","2155902.613706511","0","0","0","0","0","0","1995","0","374","892051.70429808379","1286","15027545.176700795","19.53125"
"07/14/2008 14:35:26.421","163765","99","275","2669757000","3667421.8931762045","0","0","0","0","0","0","1995","0","374","1576682.4627666972","1286","0","32.8125"
"07/14/2008 14:35:27.421","163968","4","370","2671554000","1797150.6083241266","0","0","0","0","0","0","1995","0","374","807327.65724860004","1286","70391563.091206223","16.015619999999998"
"07/14/2008 14:35:28.421","163985","39","335","2672406000","851981.47282948613","0","0","0","0","0","0","1995","0","374","367351.01159291924","1286","45038636.59079165","9.7656300000000034"
"07/14/2008 14:35:29.421","164190","14","322","2675950000","3543819.1611686908","0","0","0","0","0","0","1995","0","374","1516489.6145022907","1286","4718351.2255466413","33.59375"
"07/14/2008 14:35:30.421","164273","59","315","2677435000","1484954.8115337472","0","0","0","0","0","0","1995","0","374","649406.23800344463","1286","71759736.288821444","13.671869999999997"
"07/14/2008 14:35:31.421","164345","145","229","2680001000","2565898.6129910187","0","0","0","0","0","0","1995","0","374","1085815.0959100553","1286","22609026.643740412","21.875"
"07/14/2008 14:35:32.421","164607","12","362","2682105000","2103923.423404404","0","0","0","0","0","0","1995","0","374","949055.45718578226","1286","68613694.664265156","19.921880000000002"
"07/14/2008 14:35:33.421","164679","87","287","2684533000","2427706.3574134381","0","0","0","0","0","0","1995","0","374","1025493.961646481","1286","69623.578698275349","21.484369999999998"
"07/14/2008 14:35:34.421","164955","18","356","2687934000","3401150.1163868075","0","0","0","0","0","0","1995","0","374","1473865.0519055796","1286","18875201.093774606","33.59375"
"07/14/2008 14:35:35.421","165004","13","340","2688931000","996961.11526395963","0","0","0","0","0","0","1995","0","379","418258.68654667272","1295","71496987.384236008","22.265630000000002"
"07/14/2008 14:35:36.421","165054","67","307","2690264000","1332949.0653205251","0","0","0","0","0","0","1995","0","374","553830.83700367843","1295","25492529.878878519","13.671869999999997"
"07/14/2008 14:35:37.421","165189","103","271","2693057000","2792890.9110446265","0","0","0","0","0","0","1995","0","374","1178840.9550478577","1298","298996.32134967123","24.609380000000002"
"07/14/2008 14:35:38.421","165453","6","368","2695777000","2719884.7463245457","0","0","0","0","0","0","1995","0","374","1200043.1488072092","1298","64402774.966523714","26.171869999999998"
"07/14/2008 14:35:39.578","165556","48","326","2698163000","2058102.7556306906","0","0","0","0","0","0","1995","0","374","874440.07424021221","1298","34256987.530999936","17.229734054054056"
"07/14/2008 14:35:40.578","165776","23","351","2701372000","3218644.8545171404","0","0","0","0","0","0","1995","0","374","1395367.298403329","1298","27344916.616149671","27.734369999999998"
"07/14/2008 14:35:41.578","165890","1","373","2702844000","1471936.4904141496","0","0","0","0","0","0","1995","0","374","652537.84497527173","1298","57669191.74965211","15.234380000000003"
"07/14/2008 14:35:42.578","165890","1","217","2705394000","2549908.137520242","0","0","0","0","0","0","1995","0","374","1066987.560919872","1298","29887435.281243686","24.609369999999998"
"07/14/2008 14:35:43.593","166144","25","350","2707352000","1927805.4427241241","0","0","0","0","0","0","1995","0","375","874967.68048852542","1299","65557767.116587378","19.999999999999996"
"07/14/2008 14:35:44.593","166270","107","268","2710769000","3416655.1442237152","0","0","0","0","0","0","1995","0","375","1446899.9589781533","1299","253926.37026218933","30.859380000000002"
"07/14/2008 14:35:45.593","166478","53","322","2713278000","2509019.4760202323","0","0","0","0","0","0","1995","0","375","1097129.5163614163","1299","32776446.423985068","26.171869999999998"
"07/14/2008 14:35:46.593","166653","20","355","2715647000","2368929.0840331577","0","0","0","0","0","0","1995","0","375","1035876.9901150782","1299","54524319.7667353","23.4375"
"07/14/2008 14:35:47.593","166749","34","330","2717574000","1926931.9247547037","0","0","0","0","0","0","1995","0","375","834122.53186195414","1299","45685170.020224392","18.75"
"07/14/2008 14:35:48.593","166821","91","284","2719540000","1965931.1146348102","0","0","0","0","0","0","1995","0","375","844367.41373565106","1299","44038648.905031055","18.359380000000002"
"07/14/2008 14:35:49.593","166982","122","253","2722672000","3131878.7978055524","0","0","0","0","0","0","1995","0","375","1334011.3744051305","1299","0","30.859369999999998"
"07/14/2008 14:35:50.593","167141","14","361","2723491000","818948.08138799283","0","0","0","0","0","0","1995","0","375","393460.0559279052","1299","83880762.235848203","14.84375"
"07/14/2008 14:35:51.593","167171","27","348","2724193000","701988.13040656992","0","0","0","0","0","0","1995","0","375","284763.18507068104","1303","0","19.53125"
"07/14/2008 14:35:52.593","167316","66","309","2727158000","2964853.3750091516","0","0","0","0","0","0","1995","0","375","1237313.8094104382","1308","8355426.7875333792","28.125"
"07/14/2008 14:35:53.593","167556","11","364","2730177000","3018882.3556251558","0","0","0","0","0","0","1995","0","375","1314805.7626598959","1308","36735592.431857534","28.90625"
"07/14/2008 14:35:54.593","167606","1","370","2730868000","690988.80612126435","0","0","0","0","0","0","1995","0","378","299589.14671648922","1317","63261695.173348524","7.8125"
"07/14/2008 14:35:55.593","167621","117","259","2732815000","1946931.3934289417","0","0","0","0","0","0","1995","0","376","786449.28685660695","1327","16428477.088239402","18.359380000000002"
"07/14/2008 14:35:56.593","167770","33","342","2733797000","981965.41192817234","0","0","0","0","0","0","1995","0","375","429232.88099729543","1336","26565720.267407384","10.15625"
"07/14/2008 14:35:57.593","167814","2","373","2734020000","222989.7582084279","0","0","0","0","0","0","1995","0","375","98382.48134911478","1336","12672441.96201616","6.6406199999999966"
"07/14/2008 14:35:58.593","167820","1","374","2734111000","90997.089608215145","0","0","0","0","0","0","1995","0","375","40373.708713535016","1336","10116796.430956766","26.5625"
"07/14/2008 14:35:59.593","167822","0","375","2734129000","17999.098391433934","0","0","0","0","0","0","1995","0","375","9350.5316143499294","1336","0","26.171880000000002"
"07/14/2008 14:36:00.593","167823","0","375","2734148000","18999.686437844481","0","0","0","0","0","0","1995","0","375","7588.8747566737766","1336","0","25.78125"
"07/14/2008 14:36:01.593","167852","3","373","2734610000","461977.05273168907","0","0","0","0","0","0","1995","0","376","158021.15079250236","1342","159736.0656094609","12.109369999999997"
"07/14/2008 14:36:02.593","167864","2","374","2734798000","187993.16324409517","0","0","0","0","0","0","1995","0","376","50487.163931016599","1342","9281198.4702337552","2.7343800000000029"
"07/14/2008 14:36:03.593","167881","16","360","2735271000","472980.49157225486","0","0","0","0","0","0","1995","0","376","132267.54452798492","1343","3145598.2574896533","7.4218699999999966"
"07/14/2008 14:36:04.593","167917","2","374","2735667000","395960.62517771602","0","0","0","0","0","0","1995","0","376","103165.74106903037","1343","4726314.0093940031","13.671880000000003"
"07/14/2008 14:36:05.593","167937","2","374","2735942000","275007.11675146327","0","0","0","0","0","0","1995","0","376","70854.83361160518","1343","9429236.013791319","9.375"
"07/14/2008 14:36:06.593","167954","2","374","2736224000","281985.59776562208","0","0","0","0","0","0","1995","0","376","54938.194066812204","1343","5242612.2369270371","11.328119999999997"
"07/14/2008 14:36:07.593","168025","2","374","2737420000","1195968.6600330134","0","0","0","0","0","0","1995","0","376","373121.22248058394","1343","4222865.3411969692","20.703130000000002"
"07/14/2008 14:36:08.593","168057","19","299","2738948000","1527941.2189261448","0","0","0","0","0","0","1995","0","377","603039.80059506383","1362","19143967.516845707","14.84375"
"07/14/2008 14:36:09.609","168185","88","290","2740978000","1998698.8485452796","0","0","0","0","0","0","1995","0","378","853317.39741678396","1386","11251630.86175354","23.076923076923073"
"07/14/2008 14:36:10.609","168356","60","320","2743025000","2046113.1054571318","0","0","0","0","0","0","1995","0","380","877687.56340133504","1413","31746623.320347339","23.4375"
"07/14/2008 14:36:11.609","168464","4","367","2743980000","955333.1073548625","0","0","0","0","0","0","1995","0","371","410763.2256984855","1414","41314373.573922917","10.546869999999997"
"07/14/2008 14:36:12.609","168591","8","364","2745990000","2009930.0402346216","0","0","0","0","0","0","1995","0","374","871406.66889151139","1424","27044946.644786604","18.359380000000002"
"07/14/2008 14:36:13.625","168620","5","244","2748462000","2433900.8405082757","0","0","0","0","0","0","1995","0","374","1026537.0629931113","1424","35493300.27257096","20.384610461538465"
"07/14/2008 14:36:14.640","168834","41","333","2750509000","2015411.331425372","0","0","0","0","0","0","1995","0","374","899242.66693212267","1424","58846497.937889293","18.846158769230769"
"07/14/2008 14:36:15.640","168961","97","277","2753492000","2982753.0087676169","0","0","0","0","0","0","1995","0","374","1256742.9335603598","1427","131061.14728970469","26.171869999999998"
"07/14/2008 14:36:16.640","169205","35","339","2756448000","2955857.0897909077","0","0","0","0","0","0","1995","0","374","1295083.3851198698","1427","33786270.496473126","26.5625"
"07/14/2008 14:36:17.640","169268","24","350","2757326000","878011.22413568478","0","0","0","0","0","0","1995","0","374","395165.0516280834","1427","63152935.321245395","10.546880000000003"
"07/14/2008 14:36:18.656","169376","40","274","2760339000","2966571.6901763612","0","0","0","0","0","0","1995","0","374","1265080.860694923","1427","17873739.168141138","25.769225846153844"
"07/14/2008 14:36:19.671","169538","54","320","2762236000","1847836.3957015518","0","0","0","0","0","0","1995","0","374","820960.49436291773","1427","67603950.756136015","18.076928000000002"
"07/14/2008 14:36:20.671","169670","123","251","2765536000","3336176.8072145255","0","0","0","0","0","0","1995","0","374","1418271.4404323637","1427","2915195.7765014819","28.90625"
"07/14/2008 14:36:21.671","169827","97","277","2767653000","2117045.3386055003","0","0","0","0","0","0","1995","0","374","923601.77983936947","1427","35390197.915852167","18.359369999999998"
"07/14/2008 14:36:22.671","170037","49","325","2770334000","2680878.3365596845","0","0","0","0","0","0","1995","0","374","1170117.8977882813","1427","40044774.69072897","26.171880000000002"
"07/14/2008 14:36:23.671","170132","30","344","2771549000","1214964.3078321987","0","0","0","0","0","0","1995","0","374","540964.10802556609","1427","54458816.156126417","12.5"
"07/14/2008 14:36:24.671","170281","58","280","2774982000","3432885.0169536457","0","0","0","0","0","0","1995","0","374","1465930.8992582888","1427","26475657.208946679","30.46875"
"07/14/2008 14:36:25.765","170430","18","356","2776190000","1096057.4127022366","0","0","0","0","0","0","1995","0","374","499909.24540306325","1427","67668813.54759568","12.857142857142856"
"07/14/2008 14:36:26.765","170482","132","242","2778912000","2744794.1739416542","0","0","0","0","0","0","1995","0","374","1151193.0959513346","1427","13745638.811372364","28.125"
"07/14/2008 14:36:27.765","170682","120","254","2782014000","3101879.7610114012","0","0","0","0","0","0","1995","0","374","1341944.9818304377","1427","13073925.211966414","29.6875"
"07/14/2008 14:36:29.109","170838","18","356","2782900000","657294.67791590933","0","0","0","0","0","0","1995","0","374","311912.29003647942","1427","59606935.528877839","9.3023255813953547"
"07/14/2008 14:36:30.109","170928","132","242","2786289000","3402959.3047967558","0","0","0","0","0","0","1995","0","374","1439276.0651033153","1427","23690139.498287894","29.6875"
"07/14/2008 14:36:31.109","171240","32","342","2789761000","3471896.4693414178","0","0","0","0","0","0","1995","0","374","1524497.5400516051","1427","48233057.708197795","32.421869999999998"
"07/14/2008 14:36:32.125","171396","28","346","2792233000","2433881.8884522305","0","0","0","0","0","0","1995","0","374","1053296.8475295214","1427","33037024.402144805","23.076923076923073"
"07/14/2008 14:36:33.140","171559","1","372","2794428000","2160825.172788668","0","0","0","0","0","0","1995","0","374","946899.18591166288","1427","47681093.124853618","21.153851076923079"
"07/14/2008 14:36:34.140","171561","1","314","2795409000","981095.85799895064","0","0","0","0","0","0","1995","0","374","419321.96986509481","1427","35458440.467943117","12.109369999999997"
"07/14/2008 14:36:35.140","171661","98","276","2797679000","2269925.5530472607","0","0","0","0","0","0","1995","0","374","972489.10518725775","1427","26213540.272159521","23.046880000000002"
"07/14/2008 14:36:36.140","171846","43","331","2799866000","2186922.5757076642","0","0","0","0","0","0","1995","0","374","963076.90389226528","1427","48757057.838890553","23.046869999999998"
"07/14/2008 14:36:37.140","171975","61","313","2802239000","2372905.2688735425","0","0","0","0","0","0","1995","0","374","1027462.9816218459","1427","33553092.493408762","20.3125"
"07/14/2008 14:36:38.140","172225","34","340","2805877000","3637857.7433511545","0","0","0","0","0","0","1995","0","374","1565367.7870578489","1427","94204.316186263211","33.203130000000002"
"07/14/2008 14:36:39.140","172273","15","280","2807623000","1745936.2566640608","0","0","0","0","0","0","1995","0","375","741728.91981563973","1428","55900167.110409915","29.6875"
"07/14/2008 14:36:40.140","172404","79","298","2809474000","1850843.1985242397","0","0","0","0","0","0","1995","0","377","808499.50477814558","1430","56814898.701948203","21.875"
"07/14/2008 14:36:41.140","172618","26","349","2812051000","2577018.6606031186","0","0","0","0","0","0","1995","0","375","1070314.7503198066","1437","43917630.014563158","26.953119999999998"
"07/14/2008 14:36:42.140","172740","50","325","2814408000","2356878.2717049681","0","0","0","0","0","0","1995","0","375","1012024.7308410476","1437","11656613.957985364","26.5625"
"07/14/2008 14:36:43.156","172973","2","357","2817707000","3248190.8023684449","0","0","0","0","0","0","1995","0","375","1405233.899970379","1437","31493040.197771288","31.923081846153845"
"07/14/2008 14:36:44.171","173001","107","268","2819595000","1858876.8432861392","0","0","0","0","0","0","1995","0","375","790228.43448784156","1437","38327898.07423234","17.307687384615388"
"07/14/2008 14:36:45.171","173136","28","347","2820532000","936955.03023425222","0","0","0","0","0","0","1995","0","375","434184.16104894719","1437","64877526.160957992","11.71875"
"07/14/2008 14:36:46.171","173235","120","255","2823650000","3117878.4393365062","0","0","0","0","0","0","1995","0","375","1314317.7570340873","1437","26213377.985934224","28.125"
"07/14/2008 14:36:47.171","173508","6","369","2826282000","2631923.3429009477","0","0","0","0","0","0","1995","0","375","1167878.9844899219","1437","59177284.409164861","26.5625"
"07/14/2008 14:36:48.171","173627","42","333","2828847000","2564899.2007214027","0","0","0","0","0","0","1995","0","375","1090715.1354309847","1437","12230175.360116346","22.265630000000002"
"07/14/2008 14:36:49.171","173815","7","368","2831350000","2502913.6693293941","0","0","0","0","0","0","1995","0","375","1089990.4039759412","1437","31456195.01075596","23.046869999999998"
"07/14/2008 14:36:50.171","173863","9","278","2833574000","2223892.4455661662","0","0","0","0","0","0","1995","0","375","939911.54292132962","1437","49280688.630887344","20.3125"
"07/14/2008 14:36:51.171","174019","54","321","2835401000","1826943.9386423298","0","0","0","0","0","0","1995","0","375","805850.2717862","1437","53475735.050737165","19.921880000000002"
"07/14/2008 14:36:52.171","174153","44","331","2837439000","2037878.6382020728","0","0","0","0","0","0","1995","0","375","884836.30533856433","1437","35125204.188518703","19.140619999999998"
"07/14/2008 14:36:53.171","174356","10","365","2840190000","2750919.2890369464","0","0","0","0","0","0","1995","0","375","1197188.8749174734","1437","52955630.301228188","27.34375"
"07/14/2008 14:36:54.171","174470","18","361","2842163000","1972945.8877030688","0","0","0","0","0","0","1995","0","379","840058.95957089169","1441","372725.7771915312","26.5625"
"07/14/2008 14:36:55.171","174656","7","372","2845006000","2842890.2587005547","0","0","0","0","0","0","1995","0","379","1226821.6422095289","1441","29510540.833587054","33.203130000000002"
"07/14/2008 14:36:56.171","174703","8","309","2846818000","1811928.6969672404","0","0","0","0","0","0","1995","0","379","774238.53215901123","1441","48756865.31944102","16.796869999999998"
"07/14/2008 14:36:57.171","174823","128","251","2849700000","2881903.3421701267","0","0","0","0","0","0","1995","0","379","1231329.7017180331","1441","43514444.543773212","28.515630000000002"
"07/14/2008 14:36:58.171","175090","62","317","2852994000","3291978.4336583889","0","0","0","0","0","0","1995","0","379","1436801.6765075068","1441","58614629.425806649","32.421869999999998"
"07/14/2008 14:36:59.171","175244","58","321","2855458000","2465241.5325029949","0","0","0","0","0","0","1995","0","379","1062741.2123676445","1441","11736854.855627764","23.046880000000002"
"07/14/2008 14:37:00.171","175442","1","378","2857785000","2326979.3279557959","0","0","0","0","0","0","1995","0","379","1022838.9134683842","1441","20492105.955529276","20.703119999999998"
"07/14/2008 14:37:01.187","175463","7","372","2858232000","434830.88421729498","0","0","0","0","0","0","1995","0","379","200091.27383789624","1441","69872027.301026508","5.7692356923076948"
"07/14/2008 14:37:02.203","175584","44","282","2861640000","3396598.8047814211","0","0","0","0","0","0","1995","0","379","1433762.3607947279","1441","5225340.3584543476","30.000000000000004"
"07/14/2008 14:37:03.218","175753","68","311","2863957000","2281278.9207655396","0","0","0","0","0","0","1995","0","379","996623.51346032869","1441","61944609.208993874","24.230764307692311"
"07/14/2008 14:37:04.218","175841","130","249","2866411000","2453727.6764378748","0","0","0","0","0","0","1995","0","379","1046550.850005787","1441","36237386.243959665","21.09375"
"07/14/2008 14:37:05.218","176116","8","371","2868918000","2507115.9213233953","0","0","0","0","0","0","1995","0","379","1120613.8137335407","1441","62851930.079791062","25.78125"
"07/14/2008 14:37:06.218","176246","38","341","2871535000","2616921.1793193375","0","0","0","0","0","0","1995","0","379","1115971.3873619707","1441","9502433.7902718596","24.21875"
"07/14/2008 14:37:07.218","176433","3","376","2874005000","2469583.6982188243","0","0","0","0","0","0","1995","0","379","1075566.6899560746","1441","34072976.2624145","33.203130000000002"
"07/14/2008 14:37:08.218","176450","5","299","2875567000","1561965.4946610827","0","0","0","0","0","0","1995","0","379","660561.40755521087","1441","48851912.813670881","21.09375"
"07/14/2008 14:37:09.218","176589","68","311","2877581000","2014142.0632169612","0","0","0","0","0","0","1995","0","379","878583.96904741367","1441","40897348.607304737","21.875"
"07/14/2008 14:37:10.218","176754","75","304","2880460000","2878834.1920187678","0","0","0","0","0","0","1995","0","379","1241705.4833145151","1441","43513397.822787866","28.125"
"07/14/2008 14:37:11.218","177016","9","370","2883685000","3224834.1810991443","0","0","0","0","0","0","1995","0","379","1410561.4698358481","1441","62845792.509742774","30.859369999999998"
"07/14/2008 14:37:12.218","177180","19","360","2886529000","2843984.0881079254","0","0","0","0","0","0","1995","0","379","1221858.1637890262","1441","5832671.3666116204","26.171880000000002"
"07/14/2008 14:37:13.218","177267","26","337","2888319000","1789923.5488460595","0","0","0","0","0","0","1995","0","379","776747.82357329095","1441","42993875.647040837","19.140619999999998"
"07/14/2008 14:37:14.218","177348","130","249","2891081000","2761570.7537115486","0","0","0","0","0","0","1995","0","379","1173208.6416612412","1441","44033347.652078681","26.953130000000002"
"07/14/2008 14:37:15.218","177585","15","364","2893080000","1999153.1881960761","0","0","0","0","0","0","1995","0","379","893951.50041234272","1441","61870724.939713575","24.21875"
"07/14/2008 14:37:16.218","177617","61","319","2894288000","1207911.0928153533","0","0","0","0","0","0","1995","0","380","430929.28184668662","1450","0","21.484369999999998"
"07/14/2008 14:37:17.218","177803","52","327","2897147000","2858932.7587420302","0","0","0","0","0","0","1995","0","379","1233017.999779148","1454","31169826.894835249","28.125"
"07/14/2008 14:37:18.218","178032","4","355","2900437000","3289951.9097290882","0","0","0","0","0","0","1995","0","379","1430739.0864328237","1454","25616009.562660687","32.03125"
"07/14/2008 14:37:19.218","178078","114","265","2902667000","2229920.3761134683","0","0","0","0","0","0","1995","0","379","953719.94547072868","1454","64354054.106336668","25"
"07/14/2008 14:37:20.218","178219","111","268","2904935000","2267907.9382629031","0","0","0","0","0","0","1995","0","379","985055.01342288114","1454","44693737.736262068","21.09375"
"07/14/2008 14:37:21.218","178465","50","329","2907975000","3039785.1620694129","0","0","0","0","0","0","1995","0","379","1337130.4978119312","1454","63893084.33284425","28.125"
"07/14/2008 14:37:22.234","178651","47","332","2911000000","2978429.0171725061","0","0","0","0","0","0","1995","0","379","1280980.4745889592","1454","580743.44351231609","28.076928000000002"
"07/14/2008 14:37:23.234","178826","5","374","2913131000","2130590.9955591382","0","0","0","0","0","0","1995","0","379","944443.69740969071","1454","64217048.407312162","19.140619999999998"
"07/14/2008 14:37:24.250","178872","22","324","2914679000","1524376.7337006773","0","0","0","0","0","0","1995","0","379","653427.82891086512","1454","30202795.280406944","17.307697230769225"
"07/14/2008 14:37:25.265","178965","102","277","2916988000","2273386.065015919","0","0","0","0","0","0","1995","0","379","974757.84286512795","1454","35617896.619575389","22.692302769230764"
"07/14/2008 14:37:26.281","179161","79","300","2919805000","2773545.3556721746","0","0","0","0","0","0","1995","0","379","1206570.9956486896","1454","50587639.917854458","26.538466461538455"
"07/14/2008 14:37:27.296","179347","16","363","2921814000","1977968.4439877959","0","0","0","0","0","0","1995","0","379","879064.70533856028","1454","48005642.667604305","19.615379692307688"
"07/14/2008 14:37:28.296","179528","51","328","2925375000","3560942.8609348563","0","0","0","0","0","0","1995","0","379","1526478.5060504468","1454","77822.751252287067","32.03125"
"07/14/2008 14:37:29.296","179721","3","349","2928155000","2779914.3310609641","0","0","0","0","0","0","1995","0","379","1218235.4574980699","1454","70317961.00332424","28.90625"
"07/14/2008 14:37:30.296","179758","21","358","2928621000","465978.46507442318","0","0","0","0","0","0","1995","0","379","203564.59237995843","1454","37681458.573159881","14.453130000000003"
"07/14/2008 14:37:31.296","179790","148","231","2931268000","2646889.2290704004","0","0","0","0","0","0","1995","0","379","1113483.4013021393","1454","8388256.9558344511","27.734369999999998"
"07/14/2008 14:37:32.296","180005","8","371","2932529000","1260963.3489821954","0","0","0","0","0","0","1995","0","379","583405.04281513905","1454","34602002.262123473","14.453130000000003"
"07/14/2008 14:37:33.296","180021","85","294","2934023000","1493763.2620214391","0","0","0","0","0","0","1995","0","379","635624.26355326606","1454","25690136.517494887","15.625"
"07/14/2008 14:37:34.296","180225","12","367","2936188000","2165145.6908324007","0","0","0","0","0","0","1995","0","379","962682.77811441291","1454","53480974.689803258","23.046869999999998"
"07/14/2008 14:37:35.296","180413","45","334","2939766000","3577900.9425782468","0","0","0","0","0","0","1995","0","379","1534272.5222783517","1454","0","32.03125"
"07/14/2008 14:37:36.296","180585","42","334","2942607000","2840834.3565702541","0","0","0","0","0","0","1995","0","379","1234756.0038208144","1454","49280198.569139563","30.078130000000002"
"07/14/2008 14:37:37.296","180658","67","312","2944180000","1572974.8897359825","0","0","0","0","0","0","1995","0","379","683435.08994945849","1454","64486394.568186618","14.84375"
"07/14/2008 14:37:38.296","180755","92","289","2946164000","1983907.0427175956","0","0","0","0","0","0","1995","0","381","849447.19858721877","1456","25242465.247522149","24.609369999999998"
"07/14/2008 14:37:39.296","180954","44","335","2948545000","2380929.010512759","0","0","0","0","0","0","1995","0","379","998192.23802270775","1463","51636732.405522346","21.875"
"07/14/2008 14:37:40.296","181111","80","299","2951716000","3170745.1228392646","0","0","0","0","0","0","1995","0","379","1354385.1291122823","1463","266218.60028531245","29.296880000000002"
"07/14/2008 14:37:41.296","181353","4","375","2954440000","2724003.5649951031","0","0","0","0","0","0","1995","0","379","1203443.5749870914","1463","70189147.858899027","25.78125"
"07/14/2008 14:37:42.296","181447","11","366","2956102000","1661919.9670895962","0","0","0","0","0","0","1995","0","379","718807.38446607674","1463","34142611.79772488","18.75"
"07/14/2008 14:37:43.296","181472","179","200","2959222000","3119925.0525372685","0","0","0","0","0","0","1995","0","379","1305598.636648793","1463","31460620.246697038","27.734369999999998"
"07/14/2008 14:37:44.296","181771","37","342","2961750000","2527890.3794039544","0","0","0","0","0","0","1995","0","379","1135064.7785311474","1463","70186012.421616063","26.953130000000002"
"07/14/2008 14:37:45.296","181867","94","285","2964261000","2510926.2267709649","0","0","0","0","0","0","1995","0","379","1066994.650755283","1463","7929623.020675865","23.4375"
"07/14/2008 14:37:46.296","182075","8","371","2966240000","1978883.0049519779","0","0","0","0","0","0","1995","0","379","888778.45385268889","1463","70709163.549733654","20.3125"
"07/14/2008 14:37:47.296","182249","10","369","2969153000","2912491.9330549603","0","0","0","0","0","0","1995","0","379","1245214.7796664969","1463","8976866.0389572643","25.390619999999998"
"07/14/2008 14:37:48.296","182278","18","337","2970084000","931103.61307877942","0","0","0","0","0","0","1995","0","382","375199.75217551959","1472","35196748.689231455","29.6875"
"07/14/2008 14:37:49.296","182365","73","306","2971995000","1910922.1213424278","0","0","0","0","0","0","1995","0","379","813347.85242261912","1472","40905084.934101827","18.359380000000002"
"07/14/2008 14:37:50.296","182635","38","341","2975808000","3812889.7612027638","0","0","0","0","0","0","1995","0","379","1649229.3172533992","1472","0","35.15625"
"07/14/2008 14:37:51.296","182756","25","303","2978434000","2625887.7643951755","0","0","0","0","0","0","1995","0","379","1134310.517338746","1472","68613259.334421217","28.515619999999998"
"07/14/2008 14:37:52.296","182852","110","269","2980542000","2107935.1818033871","0","0","0","0","0","0","1995","0","379","908810.0544401455","1472","58783984.41507405","20.703130000000002"
"07/14/2008 14:37:53.296","183054","18","361","2982346000","1803924.2564221728","0","0","0","0","0","0","1995","0","379","810336.97538863227","1472","52954960.515195228","19.140619999999998"
"07/14/2008 14:37:54.296","183165","55","324","2984782000","2435795.9528788715","0","0","0","0","0","0","1995","0","379","1047187.2769093679","1472","29357668.70213696","23.046880000000002"
"07/14/2008 14:37:55.296","183392","52","327","2988423000","3640972.8568866411","0","0","0","0","0","0","1995","0","379","1564641.3357446452","1472","0","32.8125"
"07/14/2008 14:37:56.296","183572","2","377","2990548000","2124960.2212418928","0","0","0","0","0","0","1995","0","379","941728.37106525537","1472","70515415.967913479","24.21875"
"07/14/2008 14:37:57.296","183586","14","303","2992012000","1463933.4815239974","0","0","0","0","0","0","1995","0","379","617414.94578730979","1472","35912096.219635151","16.40625"
"07/14/2008 14:37:58.296","183701","105","274","2994407000","2394926.5904303067","0","0","0","0","0","0","1995","0","379","1028267.4814250078","1472","34175976.433976933","21.875"
"07/14/2008 14:37:59.296","183907","68","311","2997150000","2742894.6947317487","0","0","0","0","0","0","1995","0","379","1196704.0561138242","1472","53999590.84662284","26.171869999999998"
"07/14/2008 14:38:00.296","184128","74","305","3000838000","3687870.0595227089","0","0","0","0","0","0","1995","0","379","1584735.1625545155","1472","0","32.8125"
"07/14/2008 14:38:01.296","184395","2","373","3004085000","3245927.1411701734","0","0","0","0","0","0","1995","0","379","1413638.7575890329","1472","70624464.875694275","39.84375"
"07/14/2008 14:38:02.296","184404","57","322","3005078000","993248.45178676432","0","0","0","0","0","0","1995","0","379","425200.35988302395","1472","59390471.969673142","22.265630000000002"
"07/14/2008 14:38:03.296","184499","172","207","3008534000","3455857.4735797257","0","0","0","0","0","0","1995","0","379","1460018.7859278971","1472","25402344.356908396","30.859369999999998"
"07/14/2008 14:38:04.296","184734","8","371","3009686000","1151960.430653824","0","0","0","0","0","0","1995","0","379","545431.26467025024","1472","29424653.275794029","14.84375"
"07/14/2008 14:38:05.296","184750","100","279","3011449000","1762939.126472882","0","0","0","0","0","0","1995","0","379","742671.3558786331","1472","31914929.991242513","16.796880000000002"
"07/14/2008 14:38:06.296","185042","11","368","3014746000","3296731.0395601434","0","0","0","0","0","0","1995","0","379","1453064.4532184191","1472","70642044.740820557","32.03125"
"07/14/2008 14:38:07.296","185161","1","378","3016583000","1837015.134519258","0","0","0","0","0","0","1995","0","379","784111.46001754107","1472","10092627.14959256","23.828119999999998"
"07/14/2008 14:38:08.296","185211","29","342","3017892000","1308727.3693223062","0","0","0","0","0","0","1995","0","379","516489.40627180703","1483","32392612.055405926","19.53125"
"07/14/2008 14:38:09.296","185288","79","300","3019852000","1960244.3193476663","0","0","0","0","0","0","1995","0","379","835514.13613583369","1483","31625061.658883102","17.96875"
"07/14/2008 14:38:10.296","185454","78","301","3022542000","2689877.2523482814","0","0","0","0","0","0","1995","0","379","1161443.9996173873","1483","43513918.321550772","26.171880000000002"
"07/14/2008 14:38:11.296","185688","21","358","3025432000","2889920.8460574509","0","0","0","0","0","0","1995","0","379","1265666.3338324435","1483","61340015.917965032","28.125"
"07/14/2008 14:38:12.296","185815","13","366","3027332000","1899930.947872851","0","0","0","0","0","0","1995","0","379","807964.63489240862","1486","32766.809105209253","23.4375"
"07/14/2008 14:38:13.296","185927","19","347","3029497000","2164860.5143684782","0","0","0","0","0","0","1995","0","379","927764.22257894638","1486","33183653.920944724","23.4375"
"07/14/2008 14:38:14.296","185978","134","245","3031980000","2482969.2643284155","0","0","0","0","0","0","1995","0","379","1051777.9804660685","1486","42851821.554644503","21.875"
"07/14/2008 14:38:15.296","186198","92","287","3034868000","2887762.7913003205","0","0","0","0","0","0","1995","0","379","1258752.6026333645","1486","57666943.080255844","27.734369999999998"
"07/14/2008 14:38:16.296","186399","8","371","3036814000","1946008.6985501507","0","0","0","0","0","0","1995","0","379","867416.87730497529","1486","52429034.354854129","19.140630000000002"
"07/14/2008 14:38:17.296","186560","54","325","3040237000","3422852.4683456291","0","0","0","0","0","0","1995","0","379","1459364.0985452107","1486","0","30.46875"
"07/14/2008 14:38:18.296","186777","1","378","3042903000","2665902.1992679513","0","0","0","0","0","0","1995","0","379","1171692.0155511003","1486","67999297.391958654","28.515619999999998"
"07/14/2008 14:38:19.296","186802","16","305","3044495000","1591912.7125372831","0","0","0","0","0","0","1995","0","379","674448.01879127475","1486","31127893.201131035","16.40625"
"07/14/2008 14:38:20.296","186934","38","341","3046062000","1566977.6649712957","0","0","0","0","0","0","1995","0","379","686213.21901059186","1486","21954247.073562354","19.140630000000002"
"07/14/2008 14:38:21.296","186985","131","248","3048407000","2344909.7543450375","0","0","0","0","0","0","1995","0","379","990686.87265393906","1486","32570138.51317523","21.09375"
"07/14/2008 14:38:22.296","187259","10","369","3050916000","2508754.4399130363","0","0","0","0","0","0","1995","0","379","1121493.2268113915","1486","69592420.205076709","23.828119999999998"
"07/14/2008 14:38:23.296","187378","50","329","3053512000","2596051.7127037081","0","0","0","0","0","0","1995","0","379","1107132.0537948392","1486","2269229.2024806826","25"
"07/14/2008 14:38:24.296","187555","21","339","3056240000","2727901.0909526818","0","0","0","0","0","0","1995","0","379","1181961.1441020651","1486","31456139.4539604","28.125"
"07/14/2008 14:38:25.296","187617","116","263","3058514000","2273907.7032400346","0","0","0","0","0","0","1995","0","379","960053.03193453455","1486","62387739.713298619","27.34375"
"07/14/2008 14:38:26.296","187760","24","355","3059329000","814970.71337478433","0","0","0","0","0","0","1995","0","379","364259.9100284329","1486","37747379.517688841","29.6875"
"07/14/2008 14:38:27.296","187796","20","359","3059891000","561979.05038534559","0","0","0","0","0","0","1995","0","379","226480.55719346361","1486","9436832.2110885717","28.125"
"07/14/2008 14:38:28.296","187902","67","312","3062371000","2479896.8406807901","0","0","0","0","0","0","1995","0","379","1060585.8815045429","1486","27822970.613668513","24.609380000000002"
"07/14/2008 14:38:29.296","188119","70","309","3065972000","3600128.5682718214","0","0","0","0","0","0","1995","0","379","1548939.0704314047","1486","0","33.984369999999998"
"07/14/2008 14:38:30.296","188378","2","377","3069112000","3140467.2485789726","0","0","0","0","0","0","1995","0","379","1381870.5990470911","1486","70789412.271051362","31.25"
"07/14/2008 14:38:31.296","188395","14","345","3069946000","833983.62806355068","0","0","0","0","0","0","1995","0","379","361151.91022518452","1486","54000603.913895488","10.546880000000003"
"07/14/2008 14:38:32.296","188448","179","200","3073168000","3221780.7082100175","0","0","0","0","0","0","1995","0","379","1355643.7275685337","1486","18348831.079488043","28.515619999999998"
"07/14/2008 14:38:33.296","188747","22","357","3075498000","2329918.3082604632","0","0","0","0","0","0","1995","0","379","1052005.1145317401","1486","70387292.07642062","25.78125"
"07/14/2008 14:38:34.296","188852","85","294","3078254000","2755968.3033157596","0","0","0","0","0","0","1995","0","379","1173947.4983051063","1486","7733159.0601161076","25.390630000000002"
"07/14/2008 14:38:35.296","189052","5","374","3080219000","1964905.8772727479","0","0","0","0","0","0","1995","0","379","876817.99875083042","1486","70972088.30203633","17.1875"
"07/14/2008 14:38:36.296","189193","19","360","3082745000","2525730.0280919462","0","0","0","0","0","0","1995","0","379","1085707.9501278342","1486","9239588.39274179","26.171869999999998"
"07/14/2008 14:38:37.296","189239","12","360","3083492000","747025.70763460069","0","0","0","0","0","0","1995","0","379","331682.41429300618","1486","46990929.113872863","10.546880000000003"
"07/14/2008 14:38:38.296","189263","140","239","3085878000","2385926.9110251013","0","0","0","0","0","0","1995","0","379","998629.40861874598","1486","8134406.8157300111","21.484369999999998"
"07/14/2008 14:38:39.296","189486","46","333","3088021000","2142917.3835316305","0","0","0","0","0","0","1995","0","379","952802.26635879383","1486","58717992.229504205","22.65625"
"07/14/2008 14:38:40.296","189626","52","327","3090385000","2363910.5211954815","0","0","0","0","0","0","1995","0","379","1028630.0642671891","1486","36698770.877139412","23.4375"
"07/14/2008 14:38:41.296","189736","18","361","3091621000","1235957.3600040798","0","0","0","0","0","0","1995","0","379","534375.56427347916","1486","0","29.6875"
"07/14/2008 14:38:42.296","189783","11","368","3092246000","624977.77528689755","0","0","0","0","0","0","1995","0","379","263863.6167972472","1486","28834814.610766292","28.515630000000002"
"07/14/2008 14:38:43.296","189949","36","343","3095348000","3101278.6709807348","0","0","0","0","0","0","1995","0","379","1330645.504040994","1486","12059914.974214289","30.859369999999998"
"07/14/2008 14:38:44.296","190088","2","365","3097305000","1957264.9907947187","0","0","0","0","0","0","1995","0","379","856700.98729682888","1486","43521796.342352509","20.703130000000002"
"07/14/2008 14:38:45.296","190110","156","223","3099985000","2679929.2407028018","0","0","0","0","0","0","1995","0","379","1125851.2736760117","1486","42466206.746909268","23.4375"
"07/14/2008 14:38:46.296","190355","99","280","3103083000","3097898.8393779076","0","0","0","0","0","0","1995","0","379","1353663.7966612617","1486","63961047.37810564","36.328119999999998"
"07/14/2008 14:38:47.296","190512","6","337","3104582000","1498942.1434301483","0","0","0","0","0","0","1995","0","378","582998.49726803764","1495","27601878.615305103","19.140630000000002"
"07/14/2008 14:38:48.296","190565","52","307","3105836000","1253950.1137857384","0","0","0","0","0","0","1995","0","359","537201.62837186269","1495","26991566.187701337","16.015619999999998"
"07/14/2008 14:38:49.296","190695","97","282","3108332000","2495912.3384146639","0","0","0","0","0","0","1995","0","379","1104583.2047613312","1519","33553253.540583264","25.390630000000002"
"07/14/2008 14:38:50.296","190924","38","341","3111122000","2789798.3733301489","0","0","0","0","0","0","1995","0","379","1225291.4446993899","1519","59764512.648545861","26.5625"
"07/14/2008 14:38:51.296","191124","53","326","3114673000","3550946.9628313906","0","0","0","0","0","0","1995","0","379","1523189.2495489519","1519","28671.571759589307","29.296869999999998"
"07/14/2008 14:38:52.328","191235","2","377","3115653000","941186.88509204367","0","0","0","0","0","0","1995","0","379","420876.68593320565","1519","62940.432348359362","11.74242909090909"
"07/14/2008 14:38:53.437","191260","10","369","3116202000","494057.70912697742","0","0","0","0","0","0","1995","0","379","226440.41691429567","1519","79210269.275802761","5.9859109859154884"
"07/14/2008 14:38:54.453","191465","21","352","3119825000","3608517.9445542111","0","0","0","0","0","0","1995","0","379","1546575.1341376696","1519","0","34.230774153846156"
"07/14/2008 14:38:55.468","191506","121","258","3122027000","2168259.7976710266","0","0","0","0","0","0","1995","0","379","924382.71820174227","1519","63499313.766832739","20.384610461538465"
"07/14/2008 14:38:56.468","191711","61","318","3124390000","2362905.9161697309","0","0","0","0","0","0","1995","0","379","1043543.449228095","1519","53999513.901231468","23.4375"
"07/14/2008 14:38:57.468","191887","94","285","3127840000","3449867.2292069844","0","0","0","0","0","0","1995","0","379","1475948.1969987408","1519","0","32.03125"
"07/14/2008 14:38:58.468","192100","9","370","3129935000","2094917.9142862472","0","0","0","0","0","0","1995","0","379","938435.22904823057","1519","85783262.732094765","22.265630000000002"
"07/14/2008 14:38:59.468","192240","12","367","3132283000","2347908.7672754847","0","0","0","0","0","0","1995","0","379","1012324.6640860642","1519","15977875.147477115","25"
"07/14/2008 14:39:00.468","192293","21","297","3134272000","1988601.5712552944","0","0","0","0","0","0","1995","0","379","848238.05020893004","1519","36692808.366677076","17.96875"
"07/14/2008 14:39:01.468","192420","108","271","3136771000","2499315.9970681262","0","0","0","0","0","0","1995","0","379","1079361.467361284","1519","47191886.631603375","23.046869999999998"
"07/14/2008 14:39:02.468","192609","26","353","3138530000","1758922.3203653696","0","0","0","0","0","0","1995","0","379","776681.69925236399","1519","49805160.44483985","25"
"07/14/2008 14:39:03.468","192733","87","292","3141528000","2997903.0377856493","0","0","0","0","0","0","1995","0","379","1268830.9617615587","1522","28671.072681584435","28.125"
"07/14/2008 14:39:04.468","193003","8","371","3144670000","3141852.3740568985","0","0","0","0","0","0","1995","0","379","1374094.4355447656","1522","32094747.966880322","32.421880000000002"
"07/14/2008 14:39:05.468","193049","8","319","3146252000","1581952.5538811043","0","0","0","0","0","0","1995","0","379","684208.47913370049","1522","70637497.431340411","14.84375"
"07/14/2008 14:39:06.468","193122","156","223","3149030000","2777889.9240153488","0","0","0","0","0","0","1995","0","379","1184768.0526717945","1522","31456033.530932162","25.390619999999998"
"07/14/2008 14:39:07.468","193400","13","366","3151253000","2222856.4191629351","0","0","0","0","0","0","1995","0","379","996592.62714965071","1522","72871325.026686221","20.703130000000002"
"07/14/2008 14:39:08.468","193521","63","316","3154056000","2802899.7275156542","0","0","0","0","0","0","1995","0","379","1198964.1075952058","1522","0","30.859369999999998"
"07/14/2008 14:39:09.468","193745","9","370","3156854000","2797961.1892659874","0","0","0","0","0","0","1995","0","379","1221547.0558272039","1522","31530570.637039088","29.6875"
"07/14/2008 14:39:10.468","193799","21","296","3158944000","2089908.3456027983","0","0","0","0","0","0","1995","0","379","895619.72196854383","1522","58717680.894896075","18.359380000000002"
"07/14/2008 14:39:11.468","193931","81","298","3161081000","2136938.7694561165","0","0","0","0","0","0","1995","0","379","930736.33124720794","1522","48757386.935487404","21.484369999999998"
"07/14/2008 14:39:12.468","194078","62","317","3163200000","2118913.5017348034","0","0","0","0","0","0","1995","0","379","921658.37607124192","1522","38795728.28117872","19.921880000000002"
"07/14/2008 14:39:13.468","194276","87","292","3166838000","3637862.6405710131","0","0","0","0","0","0","1995","0","379","1558558.1515280018","1522","40958.453479326192","32.8125"
"07/14/2008 14:39:14.468","194450","4","375","3168343000","1504895.5766012322","0","0","0","0","0","0","1995","0","379","680790.76051962108","1522","67169739.150061011","17.578119999999998"
"07/14/2008 14:39:15.468","194637","2","374","3171437000","3093925.8511264315","0","0","0","0","0","0","1995","0","379","1329748.1313222062","1522","30342440.814567648","32.8125"
"07/14/2008 14:39:16.468","194644","0","300","3172698000","1260965.5902553706","0","0","0","0","0","0","1995","0","379","537521.33189810533","1522","50854548.260292903","17.578130000000002"
"07/14/2008 14:39:17.468","194765","94","285","3174980000","2281902.894836125","0","0","0","0","0","0","1995","0","379","984633.09946220915","1522","31455941.40914572","21.875"
"07/14/2008 14:39:18.468","194971","37","342","3177388000","2407933.6502176407","0","0","0","0","0","0","1995","0","379","1060925.7665559207","1522","54041134.915140972","23.828119999999998"
"07/14/2008 14:39:19.468","195145","75","304","3180887000","3498868.4529376794","0","0","0","0","0","0","1995","0","379","1498369.6657506702","1522","0","30.859380000000002"
"07/14/2008 14:39:20.468","195369","20","359","3183658000","2770884.8503922001","0","0","0","0","0","0","1995","0","379","1216506.4456653136","1522","45611160.537889227","26.953119999999998"
"07/14/2008 14:39:21.468","195461","2","377","3184851000","1192844.4967709687","0","0","0","0","0","0","1995","0","379","530753.80914455652","1522","58712602.027311362","13.671880000000003"
"07/14/2008 14:39:22.468","195473","4","193","3187992000","3141194.571012577","0","0","0","0","0","0","1995","0","379","1316175.5261834532","1522","24118741.956499182","26.953119999999998"
"07/14/2008 14:39:23.468","195782","42","337","3190693000","2700879.6773144091","0","0","0","0","0","0","1995","0","379","1204463.3418288485","1522","78770762.806381896","27.34375"
"07/14/2008 14:39:24.468","195888","87","292","3193178000","2484906.3885342213","0","0","0","0","0","0","1995","0","379","1062790.9625079336","1522","5639979.530527005","27.734380000000002"
"07/14/2008 14:39:25.468","196031","59","312","3195111000","1932917.1441261689","0","0","0","0","0","0","1995","0","384","770481.97273997671","1531","63964490.116449088","31.640619999999998"
"07/14/2008 14:39:26.468","196129","50","329","3196394000","1282960.2126937453","0","0","0","0","0","0","1995","0","379","547775.01233977557","1531","26209491.188314669","13.28125"
"07/14/2008 14:39:27.468","196293","93","286","3199775000","3380867.1335824803","0","0","0","0","0","0","1995","0","379","1444861.2176639249","1531","0","30.859380000000002"
"07/14/2008 14:39:28.468","196421","32","338","3201031000","1255890.8518904136","0","0","0","0","0","0","1995","0","379","556783.61054127605","1534","75556441.471753284","14.453119999999997"
"07/14/2008 14:39:29.468","196492","144","235","3203896000","2865009.1106150891","0","0","0","0","0","0","1995","0","379","1213957.8603377417","1534","19411005.726226632","26.5625"
"07/14/2008 14:39:30.468","196788","78","301","3207658000","3761888.7670419314","0","0","0","0","0","0","1995","0","379","1635115.6522784033","1534","0","35.9375"
"07/14/2008 14:39:31.468","196986","0","379","3209588000","1929925.1174290692","0","0","0","0","0","0","1995","0","379","862087.55034355784","1534","66319858.738746874","22.65625"
"07/14/2008 14:39:32.468","197100","1","378","3211466000","1877924.9942658946","0","0","0","0","0","0","1995","0","379","820530.22740671202","1534","63174180.775792398","17.578130000000002"
"07/14/2008 14:39:33.468","197126","10","232","3214285000","2818901.8294472941","0","0","0","0","0","0","1995","0","379","1191809.494263422","1534","29883375.287110317","26.5625"
"07/14/2008 14:39:34.468","197364","50","329","3216574000","2288910.587686684","0","0","0","0","0","0","1995","0","379","1023124.0334381207","1534","69203312.692885131","24.609369999999998"
"07/14/2008 14:39:35.468","197511","97","282","3219759000","3184461.6973623065","0","0","0","0","0","0","1995","0","379","1364246.3872627404","1534","4095.3077275968626","30.078130000000002"
"07/14/2008 14:39:36.468","197729","9","370","3221860000","2101189.9635835756","0","0","0","0","0","0","1995","0","379","941149.08704893559","1534","78257059.034448057","21.09375"
"07/14/2008 14:39:37.468","197842","19","360","3223881000","2020923.6251985799","0","0","0","0","0","0","1995","0","379","875020.9311848185","1534","17694051.305924699","22.65625"
"07/14/2008 14:39:38.468","197935","34","289","3226589000","2707881.6298190318","0","0","0","0","0","0","1995","0","379","1155963.469133537","1534","29358844.630847637","25.78125"
"07/14/2008 14:39:39.468","198052","72","310","3228084000","1494947.3990645912","0","0","0","0","0","0","1995","0","382","620099.18130791525","1544","55122028.486769065","28.125"
"07/14/2008 14:39:40.468","198110","65","286","3229382000","1297956.1993931138","0","0","0","0","0","0","1995","0","374","551450.39084986213","1544","12041833.638351101","14.0625"
"07/14/2008 14:39:41.468","198256","63","306","3231308000","1925923.7054860885","0","0","0","0","0","0","1995","0","369","834267.95088823943","1544","3555187.1630209992","18.359369999999998"
"07/14/2008 14:39:42.468","198441","11","358","3233451000","2142848.6337431511","0","0","0","0","0","0","1995","0","369","950905.83004042262","1544","78183021.318136379","20.703130000000002"
"07/14/2008 14:39:43.468","198590","22","347","3236093000","2641941.1713103266","0","0","0","0","0","0","1995","0","369","1134625.7350372572","1544","7929679.4280704856","26.5625"
"07/14/2008 14:39:44.468","198682","33","292","3238502000","2408940.1626743255","0","0","0","0","0","0","1995","0","369","1029497.4276035532","1544","38800444.209013231","22.265619999999998"
"07/14/2008 14:39:45.468","198809","41","328","3240005000","1502941.4592832429","0","0","0","0","0","0","1995","0","369","668810.94930314459","1544","57669433.731547713","15.625"
"07/14/2008 14:39:46.468","198925","118","251","3243182000","3176894.4609141289","0","0","0","0","0","0","1995","0","369","1356571.9335479832","1544","30407693.831028428","28.515630000000002"
"07/14/2008 14:39:47.468","199213","68","301","3247075000","3892838.7217077385","0","0","0","0","0","0","1995","0","369","1685774.1592495919","1544","0","35.15625"
"07/14/2008 14:39:48.468","199355","1","368","3248359000","1283958.4002678278","0","0","0","0","0","0","1995","0","369","580686.18600274844","1544","68810570.565381616","16.40625"
"07/14/2008 14:39:49.468","199414","15","354","3249491000","1131851.2511383079","0","0","0","0","0","0","1995","0","369","493620.12801962503","1544","44063073.193148352","13.28125"
"07/14/2008 14:39:50.468","199492","30","225","3252907000","3416117.0218959576","0","0","0","0","0","0","1995","0","369","1441433.377484919","1544","15204872.855415061","29.6875"
"07/14/2008 14:39:51.468","199727","32","337","3254938000","2030934.2747111006","0","0","0","0","0","0","1995","0","369","915501.37245717808","1544","79099392.177918419","19.921869999999998"
"07/14/2008 14:39:52.468","199779","129","240","3257387000","2448938.3609919413","0","0","0","0","0","0","1995","0","369","1033253.9933220715","1544","3211183.1755297775","23.046880000000002"
"07/14/2008 14:39:53.468","200086","63","308","3261275000","3887851.3061256562","0","0","0","0","0","0","1995","0","371","1690813.3335388729","1546","14142947.092071129","35.546869999999998"
"07/14/2008 14:39:54.468","200276","0","365","3263484000","2208888.7976446231","0","0","0","0","0","0","1995","0","371","978265.75104920741","1546","79568986.248920411","23.4375"
"07/14/2008 14:39:55.468","200283","0","329","3264187000","702976.343384312","0","0","0","0","0","0","1995","0","371","304347.75806509593","1546","52037928.81549035","7.03125"
"07/14/2008 14:39:56.468","200351","175","196","3267448000","3260788.8991654282","0","0","0","0","0","0","1995","0","371","1376064.9146709908","1546","17824638.04735722","27.734380000000002"
"07/14/2008 14:39:57.468","200660","82","289","3271017000","3568925.8163430458","0","0","0","0","0","0","1995","0","371","1564118.4882484707","1546","41155752.536932118","38.671869999999998"
"07/14/2008 14:39:58.687","200812","13","358","3272343000","1085802.2284540909","0","0","0","0","0","0","1995","0","371","491902.80141549133","1546","65041381.169599071","11.217952820512822"
"07/14/2008 14:39:59.687","200845","42","329","3273349000","1008419.2760072636","0","0","0","0","0","0","1995","0","371","424615.68594318966","1546","5115889.4152476005","28.90625"
"07/14/2008 14:40:00.687","201061","50","321","3277014000","3664859.2986481437","0","0","0","0","0","0","1995","0","371","1576036.4927752914","1546","10157690.025760364","34.765619999999998"
"07/14/2008 14:40:01.703","201178","27","344","3278554000","1516178.950730348","0","0","0","0","0","0","1995","0","371","667795.11165846465","1546","58779792.652222976","17.307697230769225"
"07/14/2008 14:40:02.718","201312","33","302","3281425000","2826841.277120796","0","0","0","0","0","0","1995","0","371","1209979.6361788509","1546","32199468.860591032","28.076918153846155"
"07/14/2008 14:40:03.734","201469","44","327","3283529000","2071554.0200697922","0","0","0","0","0","0","1995","0","371","868281.43097584043","1555","63492957.429251522","25.000004923076922"
"07/14/2008 14:40:04.734","201573","59","248","3286412000","2882894.2063122848","0","0","0","0","0","0","1995","0","371","1206669.7187915097","1564","13745671.574522711","27.734369999999998"
"07/14/2008 14:40:05.734","201785","122","249","3289858000","3445855.2112811999","0","0","0","0","0","0","1995","0","371","1478925.8581608704","1564","26495910.68886913","31.640630000000002"
"07/14/2008 14:40:07.031","201962","12","359","3290941000","834747.5378239745","0","0","0","0","0","0","1995","0","371","391323.9420090908","1564","67991039.431087598","12.048192771084343"
"07/14/2008 14:40:08.046","202088","47","324","3293600000","2619234.1384681109","0","0","0","0","0","0","1995","0","371","1122827.9479452192","1564","32536171.780111935","25.769225846153844"
"07/14/2008 14:40:09.046","202299","16","355","3296561000","2960712.2778764721","0","0","0","0","0","0","1995","0","371","1287819.8496216186","1564","44232501.483946614","29.296880000000002"
"07/14/2008 14:40:10.046","202456","12","359","3299076000","2515000.6696105581","0","0","0","0","0","0","1995","0","371","1082670.2882573612","1564","10940418.912850125","22.265619999999998"
"07/14/2008 14:40:11.046","202500","7","335","3300103000","1026976.2540383906","0","0","0","0","0","0","1995","0","374","425639.15828158415","1573","41417794.329021513","19.921880000000002"
"07/14/2008 14:40:12.046","202567","46","325","3301347000","1243960.7457543949","0","0","0","0","0","0","1995","0","371","525447.4190571442","1575","28834930.089111265","16.796869999999998"
"07/14/2008 14:40:13.046","202821","2","369","3304750000","3402852.5775084267","0","0","0","0","0","0","1995","0","371","1471600.2455557922","1575","17890552.923846219","32.03125"
"07/14/2008 14:40:14.046","202869","14","357","3305716000","965964.76929033583","0","0","0","0","0","0","1995","0","371","423857.54104907095","1575","48691472.12248148","10.15625"
"07/14/2008 14:40:15.046","202936","26","227","3308941000","3224865.125733126","0","0","0","0","0","0","1995","0","371","1356396.271130566","1575","12586481.592720577","28.125"
"07/14/2008 14:40:16.046","203181","60","311","3311621000","2679756.6241958924","0","0","0","0","0","0","1995","0","371","1173310.4398112209","1575","45346793.599001862","29.6875"
"07/14/2008 14:40:17.046","203267","16","355","3312298000","677010.8684273737","0","0","0","0","0","0","1995","0","371","313174.02755470044","1575","58983346.892069019","8.9843800000000034"
"07/14/2008 14:40:18.046","203434","12","359","3314897000","2598912.8920259913","0","0","0","0","0","0","1995","0","371","1125056.2913971108","1575","43514445.522803158","24.21875"
"07/14/2008 14:40:19.046","203590","22","349","3317636000","2738888.5012428486","0","0","0","0","0","0","1995","0","371","1165554.5508673482","1575","0","27.34375"
"07/14/2008 14:40:20.046","203634","29","262","3319695000","2058926.5512870501","0","0","0","0","0","0","1995","0","372","848116.74487346178","1585","40987209.850799456","25.390619999999998"
"07/14/2008 14:40:21.046","203848","62","310","3322424000","2728892.8991147033","0","0","0","0","0","0","1995","0","372","1193121.1735620711","1585","66557387.821573704","29.6875"
"07/14/2008 14:40:22.046","204091","0","372","3325314000","2889881.0431461707","0","0","0","0","0","0","1995","0","372","1241162.9097189035","1594","28523369.885809291","30.859380000000002"
"07/14/2008 14:40:23.046","204122","5","237","3328020000","2705695.1057939436","0","0","0","0","0","0","1995","0","372","1141830.3316028626","1594","34910370.086844757","25"
"07/14/2008 14:40:24.046","204342","115","257","3331285000","3265128.8689441844","0","0","0","0","0","0","1995","0","372","1416545.9085974726","1594","45745933.512244411","32.8125"
"07/14/2008 14:40:25.046","204512","67","305","3333240000","1954925.1370776622","0","0","0","0","0","0","1995","0","372","865919.8400142265","1594","64095849.480125658","18.359369999999998"
"07/14/2008 14:40:26.046","204687","5","367","3335132000","1891929.8197405897","0","0","0","0","0","0","1995","0","372","840392.82601779362","1594","46135632.6201002","17.96875"
"07/14/2008 14:40:27.046","204853","15","357","3338036000","2903891.7043424468","0","0","0","0","0","0","1995","0","372","1243805.6144041878","1594","262134.22415397604","26.5625"
"07/14/2008 14:40:28.046","204928","13","299","3340183000","2146908.8326560133","0","0","0","0","0","0","1995","0","375","903601.62903646007","1603","43514056.198701039","21.09375"
"07/14/2008 14:40:29.046","205073","44","328","3342049000","1865920.029999539","0","0","0","0","0","0","1995","0","372","805803.46470244834","1603","32291480.044829067","22.65625"
"07/14/2008 14:40:30.046","205133","53","319","3343082000","1032768.5943065273","0","0","0","0","0","0","1995","0","372","434176.71686725348","1612","40127712.846250892","12.890630000000003"
"07/14/2008 14:40:31.046","205354","6","366","3345932000","2850442.1942593255","0","0","0","0","0","0","1995","0","372","1242051.6817265584","1612","43010576.308588557","28.125"
"07/14/2008 14:40:32.046","205472","25","347","3348184000","2251914.9631241662","0","0","0","0","0","0","1995","0","372","965614.53643686243","1612","14667222.135947393","20.703119999999998"
"07/14/2008 14:40:33.046","205575","39","243","3351564000","3379867.9459851901","0","0","0","0","0","0","1995","0","372","1432843.0177320216","1612","30931783.471661635","30.46875"
"07/14/2008 14:40:34.046","205797","85","287","3354427000","2862896.571996945","0","0","0","0","0","0","1995","0","372","1247102.9458515006","1612","45742475.459374599","30.46875"
"07/14/2008 14:40:35.171","205907","23","349","3355250000","728277.73013429088","0","0","0","0","0","0","1995","0","372","337886.35544394492","1612","60200573.39234823","11.111111111111116"
"07/14/2008 14:40:36.171","206034","68","304","3358043000","2806757.9026940102","0","0","0","0","0","0","1995","0","372","1196720.9746554513","1612","33719716.142645463","26.5625"
"07/14/2008 14:40:37.171","206278","47","325","3361703000","3660166.9015244404","0","0","0","0","0","0","1995","0","372","1572224.6925498236","1612","0","33.984380000000002"
"07/14/2008 14:40:38.171","206496","4","338","3365010000","3306846.1343726879","0","0","0","0","0","0","1995","0","372","1435563.2040790634","1612","55571942.26984781","30.078119999999998"
"07/14/2008 14:40:39.359","206557","10","362","3365624000","514647.29283548135","0","0","0","0","0","0","1995","0","372","240125.70968419279","1612","64221759.439838737","9.5394778947368479"
"07/14/2008 14:40:40.375","206628","19","329","3367355000","1713620.5257870737","0","0","0","0","0","0","1995","0","374","717904.04447885556","1614","4671216.6978709875","30.000000000000004"
"07/14/2008 14:40:41.390","206692","111","262","3369399000","2012473.9804193922","0","0","0","0","0","0","1995","0","373","820450.39398503944","1623","34585503.523723185","21.153841230769231"
"07/14/2008 14:40:42.390","206873","63","308","3371560000","2160915.4498376134","0","0","0","0","0","0","1995","0","371","943052.10119014583","1624","47184073.828228436","21.484380000000002"
"07/14/2008 14:40:43.390","207050","98","273","3375033000","3472593.4642240983","0","0","0","0","0","0","1995","0","371","1482571.4356783647","1624","0","31.25"
"07/14/2008 14:40:44.390","207314","4","367","3377823000","2790098.1823277571","0","0","0","0","0","0","1995","0","371","1230939.3162130849","1624","72223213.503114387","24.21875"
"07/14/2008 14:40:45.437","207348","49","321","3379083000","1187659.9558697233","0","0","0","0","0","0","1995","0","370","504108.86637976998","1624","40650757.446224675","10.820890746268653"
"07/14/2008 14:40:46.437","207538","7","363","3381564000","2516111.2009892119","0","0","0","0","0","0","1995","0","370","1102501.9187770209","1624","9122110.9586606119","25.390630000000002"
"07/14/2008 14:40:47.437","207577","16","303","3383173000","1608698.4210767373","0","0","0","0","0","0","1995","0","370","688199.9847615473","1624","49798024.481044531","16.015619999999998"
"07/14/2008 14:40:48.437","207683","99","271","3385415000","2242264.990367013","0","0","0","0","0","0","1995","0","370","964374.96961475757","1624","38277547.631880671","22.265630000000002"
"07/14/2008 14:40:49.437","207877","64","306","3388019000","2603899.904084011","0","0","0","0","0","0","1995","0","370","1144356.0100744017","1624","50853981.133833565","25"
"07/14/2008 14:40:50.437","208087","70","300","3391548000","3528872.4196235142","0","0","0","0","0","0","1995","0","370","1513786.2716336865","1624","90108.742271780706","33.59375"
"07/14/2008 14:40:51.453","208302","2","368","3393953000","2367901.7362205847","0","0","0","0","0","0","1995","0","370","1050983.0937326099","1624","76526740.33569786","26.538456615384622"
"07/14/2008 14:40:52.468","208379","5","353","3395466000","1489479.9514622155","0","0","0","0","0","0","1995","0","370","639574.61862938758","1624","32903783.628885761","16.153846153846153"
"07/14/2008 14:40:53.468","208400","172","198","3398337000","2871210.816018966","0","0","0","0","0","0","1995","0","370","1209642.8169136206","1624","25691998.411403216","26.953130000000002"
"07/14/2008 14:40:54.468","208692","20","350","3400655000","2317957.3646046673","0","0","0","0","0","0","1995","0","370","1042936.8167207184","1624","62323589.649802253","26.953119999999998"
"07/14/2008 14:40:55.468","208805","17","353","3402502000","1846932.2576802326","0","0","0","0","0","0","1995","0","370","787327.12218628987","1624","14224886.255475065","30.859380000000002"
"07/14/2008 14:40:56.468","208890","46","324","3404277000","1774928.9815418567","0","0","0","0","0","0","1995","0","370","724065.02871017985","1633","30825262.619596686","26.5625"
"07/14/2008 14:40:57.468","209097","5","302","3407992000","3714834.6872792817","0","0","0","0","0","0","1995","0","370","1595217.0117363099","1633","20552813.385546006","35.15625"
"07/14/2008 14:40:58.468","209200","59","314","3409463000","1470955.5078294291","0","0","0","0","0","0","1995","0","373","633072.85136828618","1642","67893242.424819455","17.578119999999998"
"07/14/2008 14:40:59.468","209321","60","312","3411424000","1960689.393919653","0","0","0","0","0","0","1995","0","372","830737.39726498129","1646","21967463.985314962","20.703130000000002"
"07/14/2008 14:41:00.468","209423","21","351","3412317000","893074.66234117909","0","0","0","0","0","0","1995","0","372","380108.77764686261","1658","23529391.09133007","9.7656199999999966"
"07/14/2008 14:41:01.468","209477","1","369","3412841000","523980.39813832898","0","0","0","0","0","0","1995","0","370","215759.92852196749","1661","26315815.537646517","15.625"
"07/14/2008 14:41:02.468","209484","1","369","3412951000","109995.78652657078","0","0","0","0","0","0","1995","0","370","50737.056477924314","1661","12471842.256464357","28.515630000000002"
"07/14/2008 14:41:03.468","209487","3","367","3412997000","45998.340113147678","0","0","0","0","0","0","1995","0","370","20054.276325416886","1661","0","26.5625"
"07/14/2008 14:41:04.468","209491","0","370","3413024000","26998.965277589767","0","0","0","0","0","0","1995","0","370","12008.53977846576","1661","0","26.171869999999998"
"07/14/2008 14:41:05.468","209521","2","369","3413534000","509977.48350061593","0","0","0","0","0","0","1995","0","371","171894.41052690762","1667","3845974.1927470453","11.328130000000003"
"07/14/2008 14:41:06.468","209534","1","370","3413721000","186984.13506191206","0","0","0","0","0","0","1995","0","371","48446.889453928889","1667","7703922.349619071","3.125"
"07/14/2008 14:41:07.468","209567","7","364","3414352000","630999.26410630695","0","0","0","0","0","0","1995","0","371","171754.7996934687","1668","8191.9904462105651","10.15625"
"07/14/2008 14:41:08.468","209589","1","371","3414611000","258992.92278310898","0","0","0","0","0","0","1995","0","372","69031.113662109507","1669","12234417.683422735","10.546869999999997"
"07/14/2008 14:41:09.468","209601","2","370","3414848000","236991.12005373093","0","0","0","0","0","0","1995","0","372","47674.213669542936","1669","5582638.8211381081","9.375"
"07/14/2008 14:41:10.468","209618","4","368","3415152000","303988.66098469711","0","0","0","0","0","0","1995","0","372","51175.091128992914","1669","24575.083330131307","15.625"
"07/14/2008 14:41:11.468","209722","0","377","3416628000","1475947.4366340209","0","0","0","0","0","0","1078","0","377","489562.56505913544","1677","7761643.5822210964","25.390630000000002"
"07/14/2008 14:41:12.468","209722","0","377","3416633000","4999.8680801297041","0","0","0","0","0","0","0","0","377","1865.9507675044058","1677","26316105.658231482","5.46875"
